"","GLMM_tree","Bart","BaBart_N*1","BaBart_N*5","BaBart_N*10"
"rep1_fold1",18181.7657280211,21117.8381487274,21561.6185031557,21812.9774720079,21270.9433099928
"rep1_fold2",12072.3776835898,17669.6608249033,18769.6263535496,18492.9176473595,18163.659719181
"rep1_fold3",10150.6996337735,15423.7127085237,15787.1503199048,15485.560777097,15793.9927375472
"rep1_fold4",19236.7928974563,22204.448576942,24374.4518273699,23687.5669453906,24102.9945570993
"rep1_fold5",10630.5888740134,16255.9226692159,17530.4327985036,16795.112206876,17196.1398345797
"rep1_fold6",11256.550737033,15329.3314636992,16573.814233693,15514.4984441918,15945.1642134557
"rep1_fold7",18367.8019087438,23721.9118747477,23218.4706753897,23302.38526669,22541.9594062609
"rep1_fold8",14693.3915236061,20224.8999590065,21010.4475958288,20903.3214480829,21607.5307388259
"rep1_fold9",13495.4771219492,18202.6931833743,19368.6586555893,19136.7901364383,19112.4191220086
"rep1_fold10",11681.6322185494,15927.9905494363,18223.4384113464,17585.8522869814,18259.0363245202
"rep2_fold1",19395.5278246873,24881.7365761719,26527.0256544173,26283.5578204617,27405.1646413554
"rep2_fold2",9632.39475158684,13516.0348251327,14792.6191714298,14726.0629302825,14548.7897029023
"rep2_fold3",11348.8783206629,17659.8896693126,18536.9326996509,18670.4664853057,18608.7887912602
"rep2_fold4",13993.3207493716,17305.2136479133,17945.721145548,17402.218215532,17188.1224104653
"rep2_fold5",11425.2483614295,18305.3969726887,17697.1924123382,18659.6502064454,17897.8833337105
"rep2_fold6",12658.5430308288,17302.2497709866,18545.487500728,18473.0112462307,18313.1489301014
"rep2_fold7",20769.7344660352,24140.3305530118,25148.8438867788,25422.0595679151,24958.1362097575
"rep2_fold8",13005.4449590686,15143.1600419399,16415.2569949016,16665.3454103441,16252.3758823079
"rep2_fold9",11833.0339861086,15795.7960361196,16596.9463274272,15847.9479764588,15349.575562814
"rep2_fold10",12619.1353376356,17791.0845521462,19004.7277686971,19188.5391503131,18832.7642754671
"rep3_fold1",12127.8584525612,19163.2698300913,20053.7540301762,19427.7972498138,19639.0756881899
"rep3_fold2",15316.2884303299,21774.8439000831,23421.9741307901,23346.9489300659,23248.6628724846
"rep3_fold3",18543.7105720576,25862.5586243316,26499.7301835599,26177.3999772201,25311.4689083833
"rep3_fold4",11896.7031540156,16302.6597791925,17330.9357256941,16707.1224123753,18374.7945670108
"rep3_fold5",12775.7118735406,13426.5731623669,14885.17287227,14292.1397320153,14455.936248194
"rep3_fold6",15017.8543852563,18978.7625587712,20614.0642292583,20915.1553688468,21323.4569052742
"rep3_fold7",19258.1417917249,22210.7090527704,24718.2251273249,23543.547725958,23378.0318912352
"rep3_fold8",12602.868499449,16927.7508520306,18018.0194876332,17193.5421446135,17523.8914940709
"rep3_fold9",10945.3551661426,15606.2230004171,15597.8411301609,15341.2257855184,15581.4336106658
"rep3_fold10",13651.629228956,16401.5004838844,17352.0123186928,16747.9616504025,16963.5855315687
"rep4_fold1",15746.5970649229,18567.3590308334,19932.4875559486,19114.7872349658,19220.9449956968
"rep4_fold2",17171.0860989003,23069.3428116435,24176.8834289794,24321.3954440977,24966.0401222415
"rep4_fold3",9684.24649911998,11281.6708505353,11579.2964892495,11374.5595664817,10960.119498243
"rep4_fold4",15489.9803452395,20029.4490947951,22007.1598658161,20620.2376587513,21383.835635569
"rep4_fold5",14211.9891232865,20267.7728468408,19088.905084868,19852.5717953906,19249.1875104319
"rep4_fold6",10299.0775541652,16366.2070691669,17932.5758608682,17833.701241459,18157.6418369332
"rep4_fold7",11649.0604474417,15332.5214732049,17472.3353125149,17783.1582483279,17350.4547877726
"rep4_fold8",13739.3453205495,22367.9761852814,22190.2965163623,23547.6857789677,22648.8999031686
"rep4_fold9",14695.0221159369,17854.696998768,19306.6000993752,18924.3083804194,19143.2084823617
"rep4_fold10",14200.01825852,21889.5916828867,23491.324749171,23046.2890411232,23924.7233451932
"rep5_fold1",15746.5970649229,18567.3590308334,19932.4875559486,19114.7872349658,19220.9449956968
"rep5_fold2",17171.0860989003,23069.3428116435,24176.8834289794,24321.3954440977,24966.0401222415
"rep5_fold3",9684.24649911998,11281.6708505353,11579.2964892495,11374.5595664817,10960.119498243
"rep5_fold4",15489.9803452395,20029.4490947951,22007.1598658161,20620.2376587513,21383.835635569
"rep5_fold5",14211.9891232865,20267.7728468408,19088.905084868,19852.5717953906,19249.1875104319
"rep5_fold6",10299.0775541652,16366.2070691669,17932.5758608682,17833.701241459,18157.6418369332
"rep5_fold7",11649.0604474417,15332.5214732049,17472.3353125149,17783.1582483279,17350.4547877726
"rep5_fold8",13739.3453205495,22367.9761852814,22190.2965163623,23547.6857789677,22648.8999031686
"rep5_fold9",14695.0221159369,17854.696998768,19306.6000993752,18924.3083804194,19143.2084823617
"rep5_fold10",14200.01825852,21889.5916828867,23491.324749171,23046.2890411232,23924.7233451932
"rep6_fold1",15746.5970649229,18567.3590308334,19932.4875559486,19114.7872349658,19220.9449956968
"rep6_fold2",17171.0860989003,23069.3428116435,24176.8834289794,24321.3954440977,24966.0401222415
"rep6_fold3",9684.24649911998,11281.6708505353,11579.2964892495,11374.5595664817,10960.119498243
"rep6_fold4",15489.9803452395,20029.4490947951,22007.1598658161,20620.2376587513,21383.835635569
"rep6_fold5",14211.9891232865,20267.7728468408,19088.905084868,19852.5717953906,19249.1875104319
"rep6_fold6",10299.0775541652,16366.2070691669,17932.5758608682,17833.701241459,18157.6418369332
"rep6_fold7",11649.0604474417,15332.5214732049,17472.3353125149,17783.1582483279,17350.4547877726
"rep6_fold8",13739.3453205495,22367.9761852814,22190.2965163623,23547.6857789677,22648.8999031686
"rep6_fold9",14695.0221159369,17863.8516208577,19271.6747569119,19036.3851882918,19108.7973576627
"rep6_fold10",14200.01825852,21889.5916828867,23491.324749171,23046.2890411232,23924.7233451932
"rep7_fold1",15746.5970649229,18567.3590308334,19932.4875559486,19114.7872349658,19220.9449956968
"rep7_fold2",17171.0860989003,23069.3428116435,24176.8834289794,24321.3954440977,24966.0401222415
"rep7_fold3",9684.24649911998,11281.6708505353,11579.2964892495,11374.5595664817,10960.119498243
"rep7_fold4",15489.9803452395,20029.4490947951,22007.1598658161,20620.2376587513,21383.835635569
"rep7_fold5",14211.9891232865,20267.7728468408,19088.905084868,19852.5717953906,19249.1875104319
"rep7_fold6",10299.0775541652,16366.2070691669,17932.5758608682,17833.701241459,18157.6418369332
"rep7_fold7",11649.0604474417,15332.5214732049,17472.3353125149,17783.1582483279,17350.4547877726
"rep7_fold8",13739.3453205495,22367.9761852814,22190.2965163623,23547.6857789677,22648.8999031686
"rep7_fold9",14695.0221159369,17854.696998768,19306.6000993752,18924.3083804194,19143.2084823617
"rep7_fold10",14200.01825852,21889.5916828867,23491.324749171,23046.2890411232,23924.7233451932
"rep8_fold1",15746.5970649229,18567.3590308334,19932.4875559486,19114.7872349658,19220.9449956968
"rep8_fold2",17171.0860989003,23069.3428116435,24176.8834289794,24321.3954440977,24966.0401222415
"rep8_fold3",9684.24649911998,11281.6708505353,11579.2964892495,11374.5595664817,10960.119498243
"rep8_fold4",15489.9803452395,20029.4490947951,22007.1598658161,20620.2376587513,21383.835635569
"rep8_fold5",14211.9891232865,20267.7728468408,19088.905084868,19852.5717953906,19249.1875104319
"rep8_fold6",10299.0775541652,16366.2070691669,17932.5758608682,17833.701241459,18157.6418369332
"rep8_fold7",11649.0604474417,15332.5214732049,17472.3353125149,17783.1582483279,17350.4547877726
"rep8_fold8",13739.3453205495,22367.9761852814,22190.2965163623,23547.6857789677,22648.8999031686
"rep8_fold9",14695.0221159369,17854.696998768,19306.6000993752,18924.3083804194,19143.2084823617
"rep8_fold10",14200.01825852,21889.5916828867,23491.324749171,23046.2890411232,23924.7233451932
"rep9_fold1",15746.5970649229,18567.3590308334,19932.4875559486,19114.7872349658,19220.9449956968
"rep9_fold2",17171.0860989003,23069.3428116435,24176.8834289794,24321.3954440977,24966.0401222415
"rep9_fold3",9684.24649911998,11281.6708505353,11579.2964892495,11374.5595664817,10960.119498243
"rep9_fold4",15489.9803452395,20029.4490947951,22007.1598658161,20620.2376587513,21383.835635569
"rep9_fold5",14211.9891232865,20267.7728468408,19088.905084868,19852.5717953906,19249.1875104319
"rep9_fold6",10299.0775541652,16366.2070691669,17932.5758608682,17833.701241459,18157.6418369332
"rep9_fold7",11649.0604474417,15332.5214732049,17472.3353125149,17783.1582483279,17350.4547877726
"rep9_fold8",13739.3453205495,22367.9761852814,22190.2965163623,23547.6857789677,22648.8999031686
"rep9_fold9",14695.0221159369,17854.696998768,19306.6000993752,18924.3083804194,19143.2084823617
"rep9_fold10",14200.01825852,21889.5916828867,23491.324749171,23046.2890411232,23924.7233451932
"rep10_fold1",15746.5970649229,18567.3590308334,19932.4875559486,19114.7872349658,19220.9449956968
"rep10_fold2",17171.0860989003,23069.3428116435,24176.8834289794,24321.3954440977,24966.0401222415
"rep10_fold3",9684.24649911998,11281.6708505353,11579.2964892495,11374.5595664817,10960.119498243
"rep10_fold4",15489.9803452395,20029.4490947951,22007.1598658161,20620.2376587513,21383.835635569
"rep10_fold5",14211.9891232865,20267.7728468408,19088.905084868,19852.5717953906,19249.1875104319
"rep10_fold6",10299.0775541652,16366.2070691669,17932.5758608682,17833.701241459,18157.6418369332
"rep10_fold7",11649.0604474417,15332.5214732049,17472.3353125149,17783.1582483279,17350.4547877726
"rep10_fold8",13739.3453205495,22367.9761852814,22190.2965163623,23547.6857789677,22648.8999031686
"rep10_fold9",14695.0221159369,17854.696998768,19306.6000993752,18924.3083804194,19143.2084823617
"rep10_fold10",14200.01825852,21889.5916828867,23491.324749171,23046.2890411232,23924.7233451932
