"","Smearing_N*1_palt=0.25","Smearing_N*5_palt=0.25","Smearing_N*1_palt=0.5","Smearing_N*5_palt=0.5"
"rep1_fold1",23461.9613824555,22126.7227072614,22988.0567176038,22927.05204977
"rep1_fold2",19262.7056971187,20297.9110891767,21687.7799070129,20925.2100310014
"rep1_fold3",15977.7048753326,15696.1830799445,16310.302184137,15481.8432331877
"rep1_fold4",24564.7177551271,24289.6823146035,24855.8299029175,24550.7881806004
"rep1_fold5",19015.650528576,18438.1594903322,19307.5235024787,19351.5494429133
"rep1_fold6",18157.2606148339,17299.3514850726,18262.3722867097,18510.8823148428
"rep1_fold7",23925.1677781275,24119.8324749626,24687.762391479,24788.7445263604
"rep1_fold8",22068.1885722649,22295.2917514337,23570.2380954706,23321.0553113104
"rep1_fold9",21548.3789934725,21089.4631144194,22256.1611533938,22547.4832145204
"rep1_fold10",17593.287201674,17928.4515873199,18027.880761275,17880.2977207303
"rep2_fold1",27624.928254287,28253.7995601993,28124.5084978237,29286.3274088624
"rep2_fold2",18950.3816115449,18940.9641600642,19261.5437482916,19567.9467521224
"rep2_fold3",18280.2182987025,17496.0899534925,18033.0010876164,17410.7242895518
"rep2_fold4",17411.1971110056,17440.3234444724,17967.1731135382,17826.5334991223
"rep2_fold5",20701.4041292485,20199.5370195091,21911.3290908739,21590.0091368275
"rep2_fold6",14136.9507951786,13756.7666073064,14698.5140286507,14168.0096340524
"rep2_fold7",19964.7227092906,18923.149197372,21148.6494727585,19699.7361697871
"rep2_fold8",17864.9362530665,17242.0248024553,19235.6456142721,18776.0117208249
"rep2_fold9",29513.7627585579,28339.9338048994,29194.9504626049,29423.7169003343
"rep2_fold10",21043.0184602856,20242.5705698569,21230.9364422445,20967.8760356442
"rep3_fold1",27624.928254287,28253.7995601993,28124.5084978237,29286.3274088624
"rep3_fold2",18950.3816115449,18940.9641600642,19261.5437482916,19567.9467521224
"rep3_fold3",18280.2182987025,17496.0899534925,18033.0010876164,17410.7242895518
"rep3_fold4",17411.1971110056,17440.3234444724,17967.1731135382,17826.5334991223
"rep3_fold5",20701.4041292485,20199.5370195091,21911.3290908739,21590.0091368275
"rep3_fold6",13985.4014126553,13756.7666073064,14698.5140286507,14168.0096340524
"rep3_fold7",19964.7227092906,18923.149197372,21148.6494727585,19699.7361697871
"rep3_fold8",17864.9362530665,17242.0248024553,19235.6456142721,18776.0117208249
"rep3_fold9",29513.7627585579,28339.9338048994,29194.9504626049,29423.7169003343
"rep3_fold10",21043.0184602856,20242.5705698569,21230.9364422445,20967.8760356442
"rep4_fold1",27624.928254287,28253.7995601993,28124.5084978237,29286.3274088624
"rep4_fold2",18950.3816115449,18940.9641600642,19261.5437482916,19567.9467521224
"rep4_fold3",18280.2182987025,17496.0899534925,18033.0010876164,17410.7242895518
"rep4_fold4",17411.1971110056,17440.3234444724,17967.1731135382,17826.5334991223
"rep4_fold5",20701.4041292485,20199.5370195091,21911.3290908739,21590.0091368275
"rep4_fold6",14136.9507951786,13756.7666073064,14698.5140286507,14168.0096340524
"rep4_fold7",19964.7227092906,18923.149197372,21148.6494727585,19699.7361697871
"rep4_fold8",17864.9362530665,17242.0248024553,19235.6456142721,18776.0117208249
"rep4_fold9",29513.7627585579,28339.9338048994,29194.9504626049,29423.7169003343
"rep4_fold10",21043.0184602856,20242.5705698569,21230.9364422445,20967.8760356442
"rep5_fold1",27624.928254287,28253.7995601993,28124.5084978237,29286.3274088624
"rep5_fold2",18950.3816115449,18940.9641600642,19261.5437482916,19567.9467521224
"rep5_fold3",18280.2182987025,17496.0899534925,18033.0010876164,17410.7242895518
"rep5_fold4",17411.1971110056,17440.3234444724,17967.1731135382,17826.5334991223
"rep5_fold5",20701.4041292485,20199.5370195091,21911.3290908739,21590.0091368275
"rep5_fold6",14136.9507951786,13756.7666073064,14698.5140286507,14168.0096340524
"rep5_fold7",19964.7227092906,18923.149197372,21148.6494727585,19699.7361697871
"rep5_fold8",17864.9362530665,17242.0248024553,19235.6456142721,18776.0117208249
"rep5_fold9",29513.7627585579,28339.9338048994,29194.9504626049,29423.7169003343
"rep5_fold10",21043.0184602856,20242.5705698569,21230.9364422445,20967.8760356442
"rep6_fold1",27624.928254287,28253.7995601993,28124.5084978237,29286.3274088624
"rep6_fold2",18950.3816115449,18940.9641600642,19261.5437482916,19567.9467521224
"rep6_fold3",18280.2182987025,17496.0899534925,18033.0010876164,17410.7242895518
"rep6_fold4",17411.1971110056,17440.3234444724,17967.1731135382,17826.5334991223
"rep6_fold5",20701.4041292485,20199.5370195091,21911.3290908739,21590.0091368275
"rep6_fold6",14136.9507951786,13756.7666073064,14698.5140286507,14168.0096340524
"rep6_fold7",19964.7227092906,18923.149197372,21148.6494727585,19699.7361697871
"rep6_fold8",17864.9362530665,17242.0248024553,19235.6456142721,18776.0117208249
"rep6_fold9",29513.7627585579,28339.9338048994,29194.9504626049,29423.7169003343
"rep6_fold10",21043.0184602856,20242.5705698569,21230.9364422445,20967.8760356442
"rep7_fold1",27624.928254287,28253.7995601993,28124.5084978237,29286.3274088624
"rep7_fold2",18950.3816115449,18940.9641600642,19261.5437482916,19567.9467521224
"rep7_fold3",18280.2182987025,17496.0899534925,18033.0010876164,17410.7242895518
"rep7_fold4",17411.1971110056,17440.3234444724,17967.1731135382,17826.5334991223
"rep7_fold5",20701.4041292485,20199.5370195091,21911.3290908739,21590.0091368275
"rep7_fold6",14136.9507951786,13756.7666073064,14698.5140286507,14168.0096340524
"rep7_fold7",19964.7227092906,18923.149197372,21148.6494727585,19699.7361697871
"rep7_fold8",17864.9362530665,17242.0248024553,19235.6456142721,18776.0117208249
"rep7_fold9",29513.7627585579,28339.9338048994,29194.9504626049,29423.7169003343
"rep7_fold10",21043.0184602856,20242.5705698569,21230.9364422445,20967.8760356442
"rep8_fold1",27624.928254287,28253.7995601993,28124.5084978237,29286.3274088624
"rep8_fold2",18950.3816115449,18940.9641600642,19261.5437482916,19567.9467521224
"rep8_fold3",18280.2182987025,17496.0899534925,18033.0010876164,17410.7242895518
"rep8_fold4",17411.1971110056,17440.3234444724,17967.1731135382,17826.5334991223
"rep8_fold5",20701.4041292485,20199.5370195091,21911.3290908739,21590.0091368275
"rep8_fold6",14136.9507951786,13756.7666073064,14698.5140286507,14168.0096340524
"rep8_fold7",19964.7227092906,18923.149197372,21148.6494727585,19699.7361697871
"rep8_fold8",17864.9362530665,17242.0248024553,19235.6456142721,18776.0117208249
"rep8_fold9",29513.7627585579,28339.9338048994,29194.9504626049,29423.7169003343
"rep8_fold10",21043.0184602856,20242.5705698569,21230.9364422445,20967.8760356442
"rep9_fold1",27624.928254287,28253.7995601993,28124.5084978237,29286.3274088624
"rep9_fold2",18950.3816115449,18940.9641600642,19261.5437482916,19567.9467521224
"rep9_fold3",18280.2182987025,17496.0899534925,18033.0010876164,17410.7242895518
"rep9_fold4",17411.1971110056,17440.3234444724,17967.1731135382,17826.5334991223
"rep9_fold5",20701.4041292485,20199.5370195091,21911.3290908739,21590.0091368275
"rep9_fold6",14136.9507951786,13756.7666073064,14698.5140286507,14168.0096340524
"rep9_fold7",19964.7227092906,18923.149197372,21148.6494727585,19699.7361697871
"rep9_fold8",17864.9362530665,17242.0248024553,19235.6456142721,18776.0117208249
"rep9_fold9",29513.7627585579,28339.9338048994,29194.9504626049,29423.7169003343
"rep9_fold10",21043.0184602856,20242.5705698569,21230.9364422445,20967.8760356442
"rep10_fold1",27624.928254287,28253.7995601993,28124.5084978237,29286.3274088624
"rep10_fold2",18950.3816115449,18940.9641600642,19261.5437482916,19567.9467521224
"rep10_fold3",18280.2182987025,17496.0899534925,18033.0010876164,17410.7242895518
"rep10_fold4",17411.1971110056,17440.3234444724,17967.1731135382,17826.5334991223
"rep10_fold5",20701.4041292485,20199.5370195091,21911.3290908739,21590.0091368275
"rep10_fold6",14136.9507951786,13756.7666073064,14698.5140286507,14168.0096340524
"rep10_fold7",19964.7227092906,18923.149197372,21148.6494727585,19699.7361697871
"rep10_fold8",17864.9362530665,17242.0248024553,19235.6456142721,18776.0117208249
"rep10_fold9",29513.7627585579,28339.9338048994,29194.9504626049,29423.7169003343
"rep10_fold10",21043.0184602856,20242.5705698569,21230.9364422445,20967.8760356442
