"","GLMM_tree","Bart","BaBart_N*1","BaBart_N*5","BaBart_N*10"
"rep1_fold1",18181.7657280211,21117.8381487274,21561.6185031557,21976.5709011707,21801.4720897686
"rep1_fold2",12072.3776835898,17669.6608249033,18854.4697240263,18542.5051620082,18832.920167335
"rep1_fold3",10150.6996337735,15423.7127085237,15790.0486990399,15472.9751147516,16094.9492505917
"rep1_fold4",19236.7928974563,22204.448576942,24493.1528173912,24168.2926143324,24569.5793037553
"rep1_fold5",10630.5888740134,16255.9226692159,17530.4327985036,16902.589375932,17822.4387072629
"rep1_fold6",11256.550737033,15329.3314636992,16645.3254394488,16137.0813400891,17494.861266952
"rep1_fold7",18367.8019087438,23721.9118747477,23218.4706753897,23675.5771611391,23350.5939282351
"rep1_fold8",14693.3915236061,20224.8999590065,21054.1244498289,20602.9683675229,21800.5200032528
"rep1_fold9",13495.4771219492,18202.6931833743,19368.6586555893,19212.3119932972,20142.1270322275
"rep1_fold10",11681.6322185494,15927.9905494363,18223.4384113464,17842.2166480699,18101.9581754762
"rep2_fold1",19395.5278246873,24881.7365761719,26522.1627432961,26403.4067039634,28802.8975022008
"rep2_fold2",9632.39475158684,13509.5122360425,15019.8523664479,15063.565362864,15679.9589365579
"rep2_fold3",11348.8783206629,17659.8896693126,18540.4280598846,18785.7105574239,18980.2361516179
"rep2_fold4",13993.3207493716,17305.2136479133,17945.721145548,17382.6208528795,17607.545756043
"rep2_fold5",11425.2483614295,18305.3969726887,17862.3918582513,18438.7307020012,18435.5380824378
"rep2_fold6",12658.5430308288,17302.2497709866,18664.8777884765,18815.7919005046,17962.7659852298
"rep2_fold7",20769.7344660352,24140.3305530118,25183.4592717014,25565.6027656806,25732.3461733893
"rep2_fold8",13005.4449590686,15143.1600419399,16415.2569949016,17187.6021752867,16760.6335623682
"rep2_fold9",11833.0339861086,15795.7960361196,16596.9463274272,15968.6131829029,15935.0572751363
"rep2_fold10",12619.1353376356,17791.0845521462,19128.44763131,18387.2163614791,18028.6956725364
"rep3_fold1",12127.8584525612,19163.2698300913,20407.0980311573,19301.8648139679,19370.7992021996
"rep3_fold2",15316.2884303299,21774.8439000831,23338.2485500464,23592.7786324519,22938.4120422155
"rep3_fold3",18543.7105720576,25862.5586243316,26499.7301835599,26128.6604960076,26652.513046978
"rep3_fold4",11896.7031540156,16302.6597791925,17330.9357256941,16857.5142480007,17487.1610396821
"rep3_fold5",12775.7118735406,13426.5731623669,14789.5902109583,14793.688012172,15303.5997127928
"rep3_fold6",15017.8543852563,18978.7625587712,20614.0642292583,21264.1887516452,22523.5534178249
"rep3_fold7",19258.1417917249,22210.7090527704,24514.3020299501,24045.348761176,24220.8794159481
"rep3_fold8",12602.868499449,16927.7508520306,18087.5023627221,17456.6118839719,17253.0186925967
"rep3_fold9",10945.3551661426,15606.2230004171,15562.8946992731,15383.7486406245,15320.8154249563
"rep3_fold10",13651.629228956,16401.5004838844,17323.5225690181,16826.5932821218,17454.6926027761
"rep4_fold1",15746.5970649229,18567.3590308334,19891.6892832946,19189.5345737471,20606.6800961068
"rep4_fold2",17171.0860989003,23069.3428116435,24184.3457071827,25185.6766343231,24911.6747904875
"rep4_fold3",9684.24649911998,11281.6708505353,11594.1777479655,11167.5217454653,11168.6943501076
"rep4_fold4",15489.9803452395,20029.4490947951,21987.7108921878,20836.9995783435,21387.5868811002
"rep4_fold5",14211.9891232865,20267.7728468408,19088.905084868,19118.7475429225,19576.8541993002
"rep4_fold6",10299.0775541652,16366.2070691669,17966.9795160538,17719.5071946146,18694.961163028
"rep4_fold7",11649.0604474417,15332.5214732049,17472.3353125149,18044.950330981,17805.5026287723
"rep4_fold8",13739.3453205495,22367.9761852814,22138.1754237507,22866.8116879634,22918.0807031374
"rep4_fold9",14695.0221159369,17854.696998768,19286.8805767188,18922.3882105709,19888.294003956
"rep4_fold10",14200.01825852,21889.5916828867,23472.69813815,23199.9557165534,23293.8882840614
"rep5_fold1",15746.5970649229,18567.3590308334,19891.6892832946,19189.5345737471,20606.6800961068
"rep5_fold2",17171.0860989003,23069.3428116435,24184.3457071827,25185.6766343231,24911.6747904875
"rep5_fold3",9684.24649911998,11281.6708505353,11594.1777479655,11167.5217454653,11168.6943501076
"rep5_fold4",15489.9803452395,20029.4490947951,21987.7108921878,20836.9995783435,21387.5868811002
"rep5_fold5",14211.9891232865,20267.7728468408,19088.905084868,19118.7475429225,19576.8541993002
"rep5_fold6",10299.0775541652,16366.2070691669,17966.9795160538,17719.5071946146,18694.961163028
"rep5_fold7",11649.0604474417,15332.5214732049,17472.3353125149,18044.950330981,17805.5026287723
"rep5_fold8",13739.3453205495,22367.9761852814,22138.1754237507,22866.8116879634,22918.0807031374
"rep5_fold9",14695.0221159369,17854.696998768,19286.8805767188,18922.3882105709,19888.294003956
"rep5_fold10",14200.01825852,21889.5916828867,23472.69813815,23199.9557165534,23293.8882840614
"rep6_fold1",15746.5970649229,18567.3590308334,19891.6892832946,19189.5345737471,20606.6800961068
"rep6_fold2",17171.0860989003,23069.3428116435,24184.3457071827,25185.6766343231,24911.6747904875
"rep6_fold3",9684.24649911998,11281.6708505353,11594.1777479655,11167.5217454653,11168.6943501076
"rep6_fold4",15489.9803452395,20029.4490947951,21987.7108921878,20836.9995783435,21387.5868811002
"rep6_fold5",14211.9891232865,20267.7728468408,19088.905084868,19118.7475429225,19576.8541993002
"rep6_fold6",10299.0775541652,16366.2070691669,17966.9795160538,17719.5071946146,18694.961163028
"rep6_fold7",11649.0604474417,15332.5214732049,17472.3353125149,18044.950330981,17805.5026287723
"rep6_fold8",13739.3453205495,22367.9761852814,22138.1754237507,22866.8116879634,22918.0807031374
"rep6_fold9",14695.0221159369,17854.696998768,19286.8805767188,18922.3882105709,19888.294003956
"rep6_fold10",14200.01825852,21889.5916828867,23472.69813815,23199.9557165534,23293.8882840614
"rep7_fold1",15746.5970649229,18567.3590308334,19891.6892832946,19189.5345737471,20606.6800961068
"rep7_fold2",17171.0860989003,23069.3428116435,24184.3457071827,25185.6766343231,24911.6747904875
"rep7_fold3",9684.24649911998,11281.6708505353,11594.1777479655,11167.5217454653,11168.6943501076
"rep7_fold4",15489.9803452395,20029.4490947951,21987.7108921878,20836.9995783435,21387.5868811002
"rep7_fold5",14211.9891232865,20267.7728468408,19088.905084868,19118.7475429225,19576.8541993002
"rep7_fold6",10299.0775541652,16366.2070691669,17966.9795160538,17719.5071946146,18694.961163028
"rep7_fold7",11649.0604474417,15332.5214732049,17472.3353125149,18044.950330981,17805.5026287723
"rep7_fold8",13739.3453205495,22367.9761852814,22138.1754237507,22866.8116879634,22918.0807031374
"rep7_fold9",14695.0221159369,17854.696998768,19286.8805767188,18922.3882105709,19888.294003956
"rep7_fold10",14200.01825852,21889.5916828867,23472.69813815,23199.9557165534,23293.8882840614
"rep8_fold1",15746.5970649229,18567.3590308334,19891.6892832946,19189.5345737471,20606.6800961068
"rep8_fold2",17171.0860989003,23069.3428116435,24184.3457071827,25185.6766343231,24911.6747904875
"rep8_fold3",9684.24649911998,11281.6708505353,11594.1777479655,11167.5217454653,11168.6943501076
"rep8_fold4",15489.9803452395,20029.4490947951,21987.7108921878,20836.9995783435,21387.5868811002
"rep8_fold5",14211.9891232865,20267.7728468408,19088.905084868,19118.7475429225,19576.8541993002
"rep8_fold6",10299.0775541652,16366.2070691669,17966.9795160538,17719.5071946146,18694.961163028
"rep8_fold7",11649.0604474417,15332.5214732049,17472.3353125149,18044.950330981,17805.5026287723
"rep8_fold8",13739.3453205495,22367.9761852814,22138.1754237507,22866.8116879634,22918.0807031374
"rep8_fold9",14695.0221159369,17863.8516208577,19250.846782903,18986.5981452851,19864.8895245088
"rep8_fold10",14200.01825852,21889.5916828867,23472.69813815,23199.9557165534,23293.8882840614
"rep9_fold1",15746.5970649229,18567.3590308334,19891.6892832946,19189.5345737471,20606.6800961068
"rep9_fold2",17171.0860989003,23069.3428116435,24184.3457071827,25185.6766343231,24911.6747904875
"rep9_fold3",9684.24649911998,11281.6708505353,11594.1777479655,11167.5217454653,11168.6943501076
"rep9_fold4",15489.9803452395,20029.4490947951,21987.7108921878,20836.9995783435,21387.5868811002
"rep9_fold5",14211.9891232865,20267.7728468408,19088.905084868,19118.7475429225,19576.8541993002
"rep9_fold6",10299.0775541652,16366.2070691669,17966.9795160538,17719.5071946146,18694.961163028
"rep9_fold7",11649.0604474417,15332.5214732049,17472.3353125149,18044.950330981,17805.5026287723
"rep9_fold8",13739.3453205495,22367.9761852814,22138.1754237507,22866.8116879634,22918.0807031374
"rep9_fold9",14695.0221159369,17854.696998768,19286.8805767188,18922.3882105709,19888.294003956
"rep9_fold10",14200.01825852,21889.5916828867,23472.69813815,23199.9557165534,23293.8882840614
"rep10_fold1",15746.5970649229,18567.3590308334,19891.6892832946,19189.5345737471,20606.6800961068
"rep10_fold2",17171.0860989003,23069.3428116435,24184.3457071827,25185.6766343231,24911.6747904875
"rep10_fold3",9684.24649911998,11281.6708505353,11594.1777479655,11167.5217454653,11168.6943501076
"rep10_fold4",15489.9803452395,20029.4490947951,21987.7108921878,20836.9995783435,21387.5868811002
"rep10_fold5",14211.9891232865,20267.7728468408,19088.905084868,19118.7475429225,19576.8541993002
"rep10_fold6",10299.0775541652,16366.2070691669,17966.9795160538,17719.5071946146,18694.961163028
"rep10_fold7",11649.0604474417,15332.5214732049,17472.3353125149,18044.950330981,17805.5026287723
"rep10_fold8",13739.3453205495,22367.9761852814,22138.1754237507,22866.8116879634,22918.0807031374
"rep10_fold9",14695.0221159369,17854.696998768,19286.8805767188,18922.3882105709,19888.294003956
"rep10_fold10",14200.01825852,21889.5916828867,23472.69813815,23199.9557165534,23293.8882840614
