"","Smearing_N*1_palt=0.25","Smearing_N*5_palt=0.25","Smearing_N*1_palt=0.5","Smearing_N*5_palt=0.5"
"rep1_fold1",0.188182594273665,0.184928533767524,0.284454840499904,0.343085101893147
"rep1_fold2",0.17652779354907,0.168908157070192,0.349636933416892,0.314545794091707
"rep1_fold3",0.281889962894007,0.259310516255233,0.472449975385026,0.483246923281987
"rep1_fold4",0.202745693630228,0.216494036624868,0.422220621334623,0.422780423388286
"rep1_fold5",0.237607457597063,0.235513243400015,0.449282550740201,0.43974430800547
"rep1_fold6",0.225735032920497,0.199735746046829,0.478615244053575,0.409835593666484
"rep1_fold7",0.250944516889567,0.225413856545583,0.456822068847709,0.449288097499409
"rep1_fold8",0.276296070939425,0.232177481433401,0.455320424143054,0.451188016856579
"rep1_fold9",0.287068844783656,0.250209875554572,0.455549620617698,0.515138156112266
"rep1_fold10",0.188156557276914,0.193030542967746,0.413136016312359,0.385902490599374
"rep2_fold1",0.218329992218987,0.226538682943382,0.440376475268356,0.424687112276404
"rep2_fold2",0.185396772728377,0.182985234401173,0.363809681416721,0.350684921018021
"rep2_fold3",0.177091241460679,0.197734317042695,0.386672613081712,0.415583555345918
"rep2_fold4",0.262029045343993,0.264598262070782,0.448292338468734,0.482639166294179
"rep2_fold5",0.260174870512455,0.271521036256756,0.506171217063769,0.506957962786301
"rep2_fold6",0.215116886243708,0.204375768981813,0.446901535597584,0.427427198973513
"rep2_fold7",0.216623006574758,0.197395574055246,0.438532570860796,0.402260954502991
"rep2_fold8",0.255369905155101,0.237858663818885,0.436809279278245,0.473832529923109
"rep2_fold9",0.170885860502623,0.18071609512533,0.376421379591622,0.380018691827841
"rep2_fold10",0.196848493151365,0.204361771953175,0.386428699565603,0.380141872709046
"rep3_fold1",0.218329992218987,0.226538682943382,0.440376475268356,0.424687112276404
"rep3_fold2",0.185396772728377,0.182985234401173,0.363809681416721,0.350684921018021
"rep3_fold3",0.177091241460679,0.197734317042695,0.386672613081712,0.415583555345918
"rep3_fold4",0.262029045343993,0.264598262070782,0.448292338468734,0.482639166294179
"rep3_fold5",0.260174870512455,0.271521036256756,0.506171217063769,0.506957962786301
"rep3_fold6",0.215116886243708,0.204375768981813,0.446901535597584,0.427427198973513
"rep3_fold7",0.216623006574758,0.197395574055246,0.438532570860796,0.402260954502991
"rep3_fold8",0.255369905155101,0.237858663818885,0.436809279278245,0.473832529923109
"rep3_fold9",0.170885860502623,0.18071609512533,0.376421379591622,0.380018691827841
"rep3_fold10",0.196848493151365,0.204361771953175,0.386428699565603,0.380141872709046
"rep4_fold1",0.218329992218987,0.226538682943382,0.440376475268356,0.424687112276404
"rep4_fold2",0.185396772728377,0.182985234401173,0.363809681416721,0.350684921018021
"rep4_fold3",0.177091241460679,0.197734317042695,0.386672613081712,0.415583555345918
"rep4_fold4",0.262029045343993,0.264598262070782,0.448292338468734,0.482639166294179
"rep4_fold5",0.260174870512455,0.271521036256756,0.506171217063769,0.506957962786301
"rep4_fold6",0.215116886243708,0.204375768981813,0.446901535597584,0.427427198973513
"rep4_fold7",0.216623006574758,0.197395574055246,0.438532570860796,0.402260954502991
"rep4_fold8",0.255369905155101,0.237858663818885,0.436809279278245,0.473832529923109
"rep4_fold9",0.170885860502623,0.18071609512533,0.376421379591622,0.380018691827841
"rep4_fold10",0.196848493151365,0.204361771953175,0.386428699565603,0.380141872709046
"rep5_fold1",0.218329992218987,0.226538682943382,0.440376475268356,0.424687112276404
"rep5_fold2",0.185396772728377,0.182985234401173,0.363809681416721,0.350684921018021
"rep5_fold3",0.177091241460679,0.197734317042695,0.386672613081712,0.415583555345918
"rep5_fold4",0.262029045343993,0.264598262070782,0.448292338468734,0.482639166294179
"rep5_fold5",0.260174870512455,0.271521036256756,0.506171217063769,0.506957962786301
"rep5_fold6",0.215116886243708,0.204375768981813,0.446901535597584,0.427427198973513
"rep5_fold7",0.216623006574758,0.197395574055246,0.438532570860796,0.402260954502991
"rep5_fold8",0.255369905155101,0.237858663818885,0.436809279278245,0.473832529923109
"rep5_fold9",0.170885860502623,0.18071609512533,0.376421379591622,0.380018691827841
"rep5_fold10",0.196848493151365,0.204361771953175,0.386428699565603,0.380141872709046
"rep6_fold1",0.218329992218987,0.226538682943382,0.440376475268356,0.424687112276404
"rep6_fold2",0.185396772728377,0.182985234401173,0.363809681416721,0.350684921018021
"rep6_fold3",0.177091241460679,0.197734317042695,0.386672613081712,0.415583555345918
"rep6_fold4",0.262029045343993,0.264598262070782,0.448292338468734,0.482639166294179
"rep6_fold5",0.260174870512455,0.271521036256756,0.506171217063769,0.506957962786301
"rep6_fold6",0.215116886243708,0.204375768981813,0.446901535597584,0.427427198973513
"rep6_fold7",0.216623006574758,0.197395574055246,0.438532570860796,0.402260954502991
"rep6_fold8",0.255369905155101,0.237858663818885,0.436809279278245,0.473832529923109
"rep6_fold9",0.170885860502623,0.18071609512533,0.376421379591622,0.380018691827841
"rep6_fold10",0.196848493151365,0.204361771953175,0.386428699565603,0.380141872709046
"rep7_fold1",0.218329992218987,0.226538682943382,0.440376475268356,0.424687112276404
"rep7_fold2",0.185396772728377,0.182985234401173,0.363809681416721,0.350684921018021
"rep7_fold3",0.177091241460679,0.197734317042695,0.386672613081712,0.415583555345918
"rep7_fold4",0.262029045343993,0.264598262070782,0.448292338468734,0.482639166294179
"rep7_fold5",0.260174870512455,0.271521036256756,0.506171217063769,0.506957962786301
"rep7_fold6",0.215116886243708,0.204375768981813,0.446901535597584,0.427427198973513
"rep7_fold7",0.216623006574758,0.197395574055246,0.438532570860796,0.402260954502991
"rep7_fold8",0.255369905155101,0.237858663818885,0.436809279278245,0.473832529923109
"rep7_fold9",0.170885860502623,0.18071609512533,0.376421379591622,0.380018691827841
"rep7_fold10",0.196848493151365,0.204361771953175,0.386428699565603,0.380141872709046
"rep8_fold1",0.218329992218987,0.226538682943382,0.440376475268356,0.424687112276404
"rep8_fold2",0.185396772728377,0.182985234401173,0.363809681416721,0.350684921018021
"rep8_fold3",0.177091241460679,0.197734317042695,0.386672613081712,0.415583555345918
"rep8_fold4",0.262029045343993,0.264598262070782,0.448292338468734,0.482639166294179
"rep8_fold5",0.260174870512455,0.271521036256756,0.506171217063769,0.506957962786301
"rep8_fold6",0.215116886243708,0.204375768981813,0.446901535597584,0.427427198973513
"rep8_fold7",0.216623006574758,0.197395574055246,0.438532570860796,0.402260954502991
"rep8_fold8",0.255369905155101,0.237858663818885,0.436809279278245,0.473832529923109
"rep8_fold9",0.170885860502623,0.18071609512533,0.376421379591622,0.380018691827841
"rep8_fold10",0.196848493151365,0.204361771953175,0.386428699565603,0.380141872709046
"rep9_fold1",0.218329992218987,0.226538682943382,0.440376475268356,0.424687112276404
"rep9_fold2",0.185396772728377,0.182985234401173,0.363809681416721,0.350684921018021
"rep9_fold3",0.177091241460679,0.197734317042695,0.386672613081712,0.415583555345918
"rep9_fold4",0.262029045343993,0.264598262070782,0.448292338468734,0.482639166294179
"rep9_fold5",0.260174870512455,0.271521036256756,0.506171217063769,0.506957962786301
"rep9_fold6",0.215116886243708,0.204375768981813,0.446901535597584,0.427427198973513
"rep9_fold7",0.216623006574758,0.197395574055246,0.438532570860796,0.402260954502991
"rep9_fold8",0.255369905155101,0.237858663818885,0.436809279278245,0.473832529923109
"rep9_fold9",0.170885860502623,0.18071609512533,0.376421379591622,0.380018691827841
"rep9_fold10",0.196848493151365,0.204361771953175,0.386428699565603,0.380141872709046
"rep10_fold1",0.218329992218987,0.226538682943382,0.440376475268356,0.424687112276404
"rep10_fold2",0.185396772728377,0.182985234401173,0.363809681416721,0.350684921018021
"rep10_fold3",0.177091241460679,0.197734317042695,0.386672613081712,0.415583555345918
"rep10_fold4",0.262029045343993,0.264598262070782,0.448292338468734,0.482639166294179
"rep10_fold5",0.260174870512455,0.271521036256756,0.506171217063769,0.506957962786301
"rep10_fold6",0.215116886243708,0.204375768981813,0.446901535597584,0.427427198973513
"rep10_fold7",0.216623006574758,0.197395574055246,0.438532570860796,0.402260954502991
"rep10_fold8",0.255369905155101,0.237858663818885,0.436809279278245,0.473832529923109
"rep10_fold9",0.170885860502623,0.18071609512533,0.376421379591622,0.380018691827841
"rep10_fold10",0.196848493151365,0.204361771953175,0.386428699565603,0.380141872709046
