"","GLMM_tree","Bart","BaBart_N*1","BaBart_N*5","BaBart_N*10"
"rep1_fold1",0.567471909312243,0.556460395843407,0.00116182504125869,0.000851201279131088,0.00058580354304407
"rep1_fold2",0.515904845811943,0.541221423415581,0.00243147827487797,0.00236413927259267,0.00251425761093412
"rep1_fold3",0.707878617990099,0.760418999371108,0.00088608657670806,0.00166463894770661,0.00154531766972131
"rep1_fold4",0.604258045576767,0.628140139169815,0.00157803421095213,0.00129835435906705,0.00226701271942261
"rep1_fold5",0.658352618701363,0.658469875337359,0.00121277843135475,0.00189994015205799,0.00224004911180818
"rep1_fold6",0.674692649324408,0.650147950823994,0.0102298068676662,0.00846655583311942,0.00814204401789928
"rep1_fold7",0.703535953617394,0.686673359218687,1.74321268359775e-05,3.45038475368653e-05,2.33657427927874e-05
"rep1_fold8",0.644587021931163,0.652226051161974,2.34029716384586e-05,7.83402635584456e-07,4.46701711325453e-05
"rep1_fold9",0.757006339553482,0.7430309729275,0.00405422350132207,0.00339259829735902,0.00317594830442897
"rep1_fold10",0.588668041322817,0.578141256528945,0.00183903027387882,0.00205782823968363,0.00131801514084716
"rep2_fold1",0.735294900357473,0.696785197641414,0.000206163031448691,0.000497507822996388,0.000748886773912941
"rep2_fold2",0.616698497288766,0.617797253096026,0.00960374296394361,0.00876316245748513,0.00908747109742362
"rep2_fold3",0.518602932149282,0.533031471587907,0.00154902272905924,0.00189522458006637,0.00159765979793413
"rep2_fold4",0.621068645711504,0.622073955049951,0.00231117300041133,0.0015813450026464,0.0020840274327059
"rep2_fold5",0.566956760914452,0.569223283098125,0.000758144002991588,0.00098116766025619,0.00159291752972921
"rep2_fold6",0.620183540976241,0.625108851574871,0.0117190302240413,0.00962505977914709,0.0103148831289193
"rep2_fold7",0.64687381783976,0.673501347581355,0.00668071693797918,0.00805036326813608,0.00733278874342064
"rep2_fold8",0.813729465077125,0.830295794699267,0.00749205348244702,0.00823302470174231,0.00899734963396731
"rep2_fold9",0.556314844580701,0.572260969594023,0.000918779157778413,0.000899836817511365,0.000788829128623848
"rep2_fold10",0.702385772679783,0.654984549036226,3.27768207379986e-05,0.000308872219987557,5.61732884006145e-05
"rep3_fold1",0.735294900357473,0.696785197641414,0.000206163031448691,0.000497507822996388,0.000748886773912941
"rep3_fold2",0.616698497288766,0.617797253096026,0.00960374296394361,0.00876316245748513,0.00908747109742362
"rep3_fold3",0.518602932149282,0.533031471587907,0.00154902272905924,0.00189522458006637,0.00159765979793413
"rep3_fold4",0.621068645711504,0.622073955049951,0.00231117300041133,0.0015813450026464,0.0020840274327059
"rep3_fold5",0.566956760914452,0.569223283098125,0.000758144002991588,0.00098116766025619,0.00159291752972921
"rep3_fold6",0.620183540976241,0.625108851574871,0.0117190302240413,0.00962505977914709,0.0103148831289193
"rep3_fold7",0.64687381783976,0.673501347581355,0.00668071693797918,0.00805036326813608,0.00733278874342064
"rep3_fold8",0.813729465077125,0.830295794699267,0.00749205348244702,0.00823302470174231,0.00899734963396731
"rep3_fold9",0.556314844580701,0.572260969594023,0.000918779157778413,0.000899836817511365,0.000788829128623848
"rep3_fold10",0.702385772679783,0.654984549036226,3.27768207379986e-05,0.000308872219987557,5.61732884006145e-05
"rep4_fold1",0.735294900357473,0.696785197641414,0.000206163031448691,0.000497507822996388,0.000748886773912941
"rep4_fold2",0.616698497288766,0.617797253096026,0.00960374296394361,0.00876316245748513,0.00908747109742362
"rep4_fold3",0.518602932149282,0.533031471587907,0.00154902272905924,0.00189522458006637,0.00159765979793413
"rep4_fold4",0.621068645711504,0.622073955049951,0.00231117300041133,0.0015813450026464,0.0020840274327059
"rep4_fold5",0.566956760914452,0.569223283098125,0.000758144002991588,0.00098116766025619,0.00159291752972921
"rep4_fold6",0.620183540976241,0.625108851574871,0.0117190302240413,0.00962505977914709,0.0103148831289193
"rep4_fold7",0.64687381783976,0.673501347581355,0.00668071693797918,0.00805036326813608,0.00733278874342064
"rep4_fold8",0.813729465077125,0.830295794699267,0.00749205348244702,0.00823302470174231,0.00899734963396731
"rep4_fold9",0.556314844580701,0.572260969594023,0.000918779157778413,0.000899836817511365,0.000788829128623848
"rep4_fold10",0.702385772679783,0.654984549036226,3.27768207379986e-05,0.000308872219987557,5.61732884006145e-05
"rep5_fold1",0.735294900357473,0.696785197641414,0.000206163031448691,0.000497507822996388,0.000748886773912941
"rep5_fold2",0.616698497288766,0.617797253096026,0.00960374296394361,0.00876316245748513,0.00908747109742362
"rep5_fold3",0.518602932149282,0.533031471587907,0.00154902272905924,0.00189522458006637,0.00159765979793413
"rep5_fold4",0.621068645711504,0.622073955049951,0.00231117300041133,0.0015813450026464,0.0020840274327059
"rep5_fold5",0.566956760914452,0.569223283098125,0.000758144002991588,0.00098116766025619,0.00159291752972921
"rep5_fold6",0.620183540976241,0.625108851574871,0.0117190302240413,0.00962505977914709,0.0103148831289193
"rep5_fold7",0.64687381783976,0.673501347581355,0.00668071693797918,0.00805036326813608,0.00733278874342064
"rep5_fold8",0.813729465077125,0.830295794699267,0.00749205348244702,0.00823302470174231,0.00899734963396731
"rep5_fold9",0.556314844580701,0.572260969594023,0.000918779157778413,0.000899836817511365,0.000788829128623848
"rep5_fold10",0.702385772679783,0.654984549036226,3.27768207379986e-05,0.000308872219987557,5.61732884006145e-05
"rep6_fold1",0.735294900357473,0.696785197641414,0.000206163031448691,0.000497507822996388,0.000748886773912941
"rep6_fold2",0.616698497288766,0.617797253096026,0.00960374296394361,0.00876316245748513,0.00908747109742362
"rep6_fold3",0.518602932149282,0.533031471587907,0.00154902272905924,0.00189522458006637,0.00159765979793413
"rep6_fold4",0.621068645711504,0.622073955049951,0.00231117300041133,0.0015813450026464,0.0020840274327059
"rep6_fold5",0.566956760914452,0.569223283098125,0.000758144002991588,0.00098116766025619,0.00159291752972921
"rep6_fold6",0.620183540976241,0.625108851574871,0.0117190302240413,0.00962505977914709,0.0103148831289193
"rep6_fold7",0.64687381783976,0.673501347581355,0.00668071693797918,0.00805036326813608,0.00733278874342064
"rep6_fold8",0.813729465077125,0.830295794699267,0.00749205348244702,0.00823302470174231,0.00899734963396731
"rep6_fold9",0.556314844580701,0.572260969594023,0.000918779157778413,0.000899836817511365,0.000788829128623848
"rep6_fold10",0.702385772679783,0.654984549036226,3.27768207379986e-05,0.000308872219987557,5.61732884006145e-05
"rep7_fold1",0.735294900357473,0.696785197641414,0.000206163031448691,0.000497507822996388,0.000748886773912941
"rep7_fold2",0.616698497288766,0.617797253096026,0.00960374296394361,0.00876316245748513,0.00908747109742362
"rep7_fold3",0.518602932149282,0.533031471587907,0.00154902272905924,0.00189522458006637,0.00159765979793413
"rep7_fold4",0.621068645711504,0.622073955049951,0.00231117300041133,0.0015813450026464,0.0020840274327059
"rep7_fold5",0.566956760914452,0.569223283098125,0.000758144002991588,0.00098116766025619,0.00159291752972921
"rep7_fold6",0.620183540976241,0.625108851574871,0.0117190302240413,0.00962505977914709,0.0103148831289193
"rep7_fold7",0.64687381783976,0.673501347581355,0.00668071693797918,0.00805036326813608,0.00733278874342064
"rep7_fold8",0.813729465077125,0.830295794699267,0.00749205348244702,0.00823302470174231,0.00899734963396731
"rep7_fold9",0.556314844580701,0.572260969594023,0.000918779157778413,0.000899836817511365,0.000788829128623848
"rep7_fold10",0.702385772679783,0.654984549036226,3.27768207379986e-05,0.000308872219987557,5.61732884006145e-05
"rep8_fold1",0.735294900357473,0.696785197641414,0.000206163031448691,0.000497507822996388,0.000748886773912941
"rep8_fold2",0.616698497288766,0.617797253096026,0.00960374296394361,0.00876316245748513,0.00908747109742362
"rep8_fold3",0.518602932149282,0.533031471587907,0.00154902272905924,0.00189522458006637,0.00159765979793413
"rep8_fold4",0.621068645711504,0.622073955049951,0.00231117300041133,0.0015813450026464,0.0020840274327059
"rep8_fold5",0.566956760914452,0.569223283098125,0.000758144002991588,0.00098116766025619,0.00159291752972921
"rep8_fold6",0.620183540976241,0.625108851574871,0.0117190302240413,0.00962505977914709,0.0103148831289193
"rep8_fold7",0.64687381783976,0.673501347581355,0.00668071693797918,0.00805036326813608,0.00733278874342064
"rep8_fold8",0.813729465077125,0.830295794699267,0.00749205348244702,0.00823302470174231,0.00899734963396731
"rep8_fold9",0.556314844580701,0.572260969594023,0.000918779157778413,0.000899836817511365,0.000788829128623848
"rep8_fold10",0.702385772679783,0.654984549036226,3.27768207379986e-05,0.000308872219987557,5.61732884006145e-05
"rep9_fold1",0.735294900357473,0.696785197641414,0.000206163031448691,0.000497507822996388,0.000748886773912941
"rep9_fold2",0.616698497288766,0.617797253096026,0.00960374296394361,0.00876316245748513,0.00908747109742362
"rep9_fold3",0.518602932149282,0.533031471587907,0.00154902272905924,0.00189522458006637,0.00159765979793413
"rep9_fold4",0.621068645711504,0.622073955049951,0.00231117300041133,0.0015813450026464,0.0020840274327059
"rep9_fold5",0.566956760914452,0.569223283098125,0.000758144002991588,0.00098116766025619,0.00159291752972921
"rep9_fold6",0.620183540976241,0.625108851574871,0.0117190302240413,0.00962505977914709,0.0103148831289193
"rep9_fold7",0.64687381783976,0.673501347581355,0.00668071693797918,0.00805036326813608,0.00733278874342064
"rep9_fold8",0.813729465077125,0.830295794699267,0.00749205348244702,0.00823302470174231,0.00899734963396731
"rep9_fold9",0.556314844580701,0.572260969594023,0.000918779157778413,0.000899836817511365,0.000788829128623848
"rep9_fold10",0.702385772679783,0.654984549036226,3.27768207379986e-05,0.000308872219987557,5.61732884006145e-05
"rep10_fold1",0.735294900357473,0.696785197641414,0.000206163031448691,0.000497507822996388,0.000748886773912941
"rep10_fold2",0.616698497288766,0.617797253096026,0.00960374296394361,0.00876316245748513,0.00908747109742362
"rep10_fold3",0.518602932149282,0.533031471587907,0.00154902272905924,0.00189522458006637,0.00159765979793413
"rep10_fold4",0.621068645711504,0.622073955049951,0.00231117300041133,0.0015813450026464,0.0020840274327059
"rep10_fold5",0.566956760914452,0.569223283098125,0.000758144002991588,0.00098116766025619,0.00159291752972921
"rep10_fold6",0.620183540976241,0.625108851574871,0.0117190302240413,0.00962505977914709,0.0103148831289193
"rep10_fold7",0.64687381783976,0.673501347581355,0.00668071693797918,0.00805036326813608,0.00733278874342064
"rep10_fold8",0.813729465077125,0.830295794699267,0.00749205348244702,0.00823302470174231,0.00899734963396731
"rep10_fold9",0.556314844580701,0.572260969594023,0.000918779157778413,0.000899836817511365,0.000788829128623848
"rep10_fold10",0.702385772679783,0.654984549036226,3.27768207379986e-05,0.000308872219987557,5.61732884006145e-05
