"","GLMM_tree","Bart","BaBart_N*1","BaBart_N*5","BaBart_N*10"
"rep1_fold1",0.567471909312243,0.556460395843407,0.562801517374044,0.55959635532293,0.555444548080623
"rep1_fold2",0.515904845811943,0.541221423415581,0.544127231189078,0.542359885602226,0.540055038289314
"rep1_fold3",0.707878617990099,0.760418999371108,0.757231427304927,0.752136111184567,0.757111803173884
"rep1_fold4",0.604258045576767,0.628140139169815,0.620726392150837,0.62580616311384,0.620064030358843
"rep1_fold5",0.658352618701363,0.658469875337359,0.638394768163891,0.651335516104822,0.656178034124515
"rep1_fold6",0.674692649324408,0.650147950823994,0.657762255047421,0.650507197234662,0.646956438307541
"rep1_fold7",0.703535953617394,0.686673359218687,0.685802860078553,0.679837368520533,0.690013707465161
"rep1_fold8",0.644587021931163,0.652226051161974,0.637739415927135,0.64092127110851,0.653216606177411
"rep1_fold9",0.757006339553482,0.7430309729275,0.734710608641483,0.743925885979297,0.744073714939868
"rep1_fold10",0.588668041322817,0.578141256528945,0.577349565679481,0.576858439787726,0.574294869374847
"rep2_fold1",0.735294900357473,0.696785197641414,0.701625053931826,0.696345568263944,0.687201511719939
"rep2_fold2",0.616698497288766,0.617797253096026,0.634656695774453,0.612029509330278,0.612495602430376
"rep2_fold3",0.518602932149282,0.533031471587907,0.532254690090903,0.528187428359494,0.536876563466197
"rep2_fold4",0.621068645711504,0.622073955049951,0.613187356819192,0.626254126984459,0.62097210627461
"rep2_fold5",0.566956760914452,0.569223283098125,0.575725770840125,0.570753625963222,0.581346438136652
"rep2_fold6",0.620183540976241,0.625108851574871,0.613166671353006,0.635879755575922,0.616499874804099
"rep2_fold7",0.64687381783976,0.673501347581355,0.674454953151924,0.658734121441888,0.669812269523969
"rep2_fold8",0.813729465077125,0.830295794699267,0.824751302617631,0.824715753296432,0.835069706383591
"rep2_fold9",0.556314844580701,0.572260969594023,0.561674134821261,0.563334248500708,0.568902470166434
"rep2_fold10",0.702385772679783,0.654984549036226,0.648025314917537,0.65902538344542,0.661129581430169
"rep3_fold1",0.735294900357473,0.696785197641414,0.701625053931826,0.696345568263944,0.687201511719939
"rep3_fold2",0.616698497288766,0.617797253096026,0.634656695774453,0.612029509330278,0.612495602430376
"rep3_fold3",0.518602932149282,0.533031471587907,0.532254690090903,0.528187428359494,0.536876563466197
"rep3_fold4",0.621068645711504,0.622073955049951,0.613187356819192,0.626254126984459,0.62097210627461
"rep3_fold5",0.566956760914452,0.569223283098125,0.575725770840125,0.570753625963222,0.581346438136652
"rep3_fold6",0.620183540976241,0.625108851574871,0.613166671353006,0.635879755575922,0.616499874804099
"rep3_fold7",0.64687381783976,0.673501347581355,0.674454953151924,0.658734121441888,0.669812269523969
"rep3_fold8",0.813729465077125,0.830295794699267,0.824751302617631,0.824715753296432,0.835069706383591
"rep3_fold9",0.556314844580701,0.572260969594023,0.561674134821261,0.563334248500708,0.568902470166434
"rep3_fold10",0.702385772679783,0.654984549036226,0.648025314917537,0.65902538344542,0.661129581430169
"rep4_fold1",0.735294900357473,0.696785197641414,0.701625053931826,0.696345568263944,0.687201511719939
"rep4_fold2",0.616698497288766,0.617797253096026,0.634656695774453,0.612029509330278,0.612495602430376
"rep4_fold3",0.518602932149282,0.533031471587907,0.532254690090903,0.528187428359494,0.536876563466197
"rep4_fold4",0.621068645711504,0.622073955049951,0.613187356819192,0.626254126984459,0.62097210627461
"rep4_fold5",0.566956760914452,0.569223283098125,0.575725770840125,0.570753625963222,0.581346438136652
"rep4_fold6",0.620183540976241,0.625108851574871,0.613166671353006,0.635879755575922,0.616499874804099
"rep4_fold7",0.64687381783976,0.673501347581355,0.674454953151924,0.658734121441888,0.669812269523969
"rep4_fold8",0.813729465077125,0.830295794699267,0.824751302617631,0.824715753296432,0.835069706383591
"rep4_fold9",0.556314844580701,0.572260969570684,0.561674134821261,0.563334248500708,0.568902467779852
"rep4_fold10",0.702385772679783,0.654984549036226,0.648025314917537,0.65902538344542,0.661129581430169
"rep5_fold1",0.735294900357473,0.696785197641414,0.701625053931826,0.696345568263944,0.687201511719939
"rep5_fold2",0.616698497288766,0.617797253096026,0.634656695774453,0.612029509330278,0.612495602430376
"rep5_fold3",0.518602932149282,0.533031471587907,0.532254690090903,0.528187428359494,0.536876563466197
"rep5_fold4",0.621068645711504,0.622073955049951,0.613187356819192,0.626254126984459,0.62097210627461
"rep5_fold5",0.566956760914452,0.569223283098125,0.575725770840125,0.570753625963222,0.581346438136652
"rep5_fold6",0.620183540976241,0.625108851574871,0.613166671353006,0.635879755575922,0.616499874804099
"rep5_fold7",0.64687381783976,0.673501347581355,0.674454953151924,0.658734121441888,0.669812269523969
"rep5_fold8",0.813729465077125,0.830295794699267,0.824751302617631,0.824715753296432,0.835069706383591
"rep5_fold9",0.556314844580701,0.572260969594023,0.561674134821261,0.563334248500708,0.568902470166434
"rep5_fold10",0.702385772679783,0.654984549036226,0.648025314917537,0.65902538344542,0.661129581430169
"rep6_fold1",0.735294900357473,0.696785197641414,0.701625053931826,0.696345568263944,0.687201511719939
"rep6_fold2",0.616698497288766,0.617797253096026,0.634656695774453,0.612029509330278,0.612495602430376
"rep6_fold3",0.518602932149282,0.533031471587907,0.532254690090903,0.528187428359494,0.536876563466197
"rep6_fold4",0.621068645711504,0.622073955049951,0.613187356819192,0.626254126984459,0.62097210627461
"rep6_fold5",0.566956760914452,0.569223283098125,0.575725770840125,0.570753625963222,0.581346438136652
"rep6_fold6",0.620183540976241,0.625108851574871,0.613166671353006,0.635879755575922,0.616499874804099
"rep6_fold7",0.64687381783976,0.673501347581355,0.674454953151924,0.658734121441888,0.669812269523969
"rep6_fold8",0.813729465077125,0.830295794699267,0.824751302617631,0.824715753296432,0.835069706383591
"rep6_fold9",0.556314844580701,0.572260969594023,0.561674134821261,0.563334248500708,0.568902470166434
"rep6_fold10",0.702385772679783,0.654984549036226,0.648025314917537,0.65902538344542,0.661129581430169
"rep7_fold1",0.735294900357473,0.696785197641414,0.701625053931826,0.696345568263944,0.687201511719939
"rep7_fold2",0.616698497288766,0.617797253096026,0.634656695774453,0.612029509330278,0.612495602430376
"rep7_fold3",0.518602932149282,0.533031471587907,0.532254690090903,0.528187428359494,0.536876563466197
"rep7_fold4",0.621068645711504,0.622073955049951,0.613187356819192,0.626254126984459,0.62097210627461
"rep7_fold5",0.566956760914452,0.569223283098125,0.575725770840125,0.570753625963222,0.581346438136652
"rep7_fold6",0.620183540976241,0.625108851574871,0.613166671353006,0.635879755575922,0.616499874804099
"rep7_fold7",0.64687381783976,0.673501347581355,0.674454953151924,0.658734121441888,0.669812269523969
"rep7_fold8",0.813729465077125,0.830295794699267,0.824751302617631,0.824715753296432,0.835069706383591
"rep7_fold9",0.556314844580701,0.572260969594023,0.561674134821261,0.563334248500708,0.568902470166434
"rep7_fold10",0.702385772679783,0.654984549036226,0.648025314917537,0.65902538344542,0.661129581430169
"rep8_fold1",0.735294900357473,0.696785197641414,0.701625053931826,0.696345568263944,0.687201511719939
"rep8_fold2",0.616698497288766,0.617797253096026,0.634656695774453,0.612029509330278,0.612495602430376
"rep8_fold3",0.518602932149282,0.533031471587907,0.532254690090903,0.528187428359494,0.536876563466197
"rep8_fold4",0.621068645711504,0.622073955049951,0.613187356819192,0.626254126984459,0.62097210627461
"rep8_fold5",0.566956760914452,0.569223283098125,0.575725770840125,0.570753625963222,0.581346438136652
"rep8_fold6",0.620183540976241,0.625108851574871,0.613166671353006,0.635879755575922,0.616499874804099
"rep8_fold7",0.64687381783976,0.673501347581355,0.674454953151924,0.658734121441888,0.669812269523969
"rep8_fold8",0.813729465077125,0.830295794699267,0.824751302617631,0.824715753296432,0.835069706383591
"rep8_fold9",0.556314844580701,0.572260969594023,0.561674134821261,0.563334248500708,0.568902470166434
"rep8_fold10",0.702385772679783,0.654984549036226,0.648025314917537,0.65902538344542,0.661129581430169
"rep9_fold1",0.735294900357473,0.696785197641414,0.701625053931826,0.696345568263944,0.687201511719939
"rep9_fold2",0.616698497288766,0.617797253096026,0.634656695774453,0.612029509330278,0.612495602430376
"rep9_fold3",0.518602932149282,0.533031471587907,0.532254690090903,0.528187428359494,0.536876563466197
"rep9_fold4",0.621068645711504,0.622073955049951,0.613187356819192,0.626254126984459,0.62097210627461
"rep9_fold5",0.566956760914452,0.569223283098125,0.575725770840125,0.570753625963222,0.581346438136652
"rep9_fold6",0.620183540976241,0.625108851574871,0.613166671353006,0.635879755575922,0.616499874804099
"rep9_fold7",0.64687381783976,0.673501347581355,0.674454953151924,0.658734121441888,0.669812269523969
"rep9_fold8",0.813729465077125,0.830295794699267,0.824751302617631,0.824715753296432,0.835069706383591
"rep9_fold9",0.556314844580701,0.572260969594023,0.561674134821261,0.563334248500708,0.568902470166434
"rep9_fold10",0.702385772679783,0.654984549036226,0.648025314917537,0.65902538344542,0.661129581430169
"rep10_fold1",0.735294900357473,0.696785197641414,0.701625053931826,0.696345568263944,0.687201511719939
"rep10_fold2",0.616698497288766,0.617797253096026,0.634656695774453,0.612029509330278,0.612495602430376
"rep10_fold3",0.518602932149282,0.533031471587907,0.532254690090903,0.528187428359494,0.536876563466197
"rep10_fold4",0.621068645711504,0.622073955049951,0.613187356819192,0.626254126984459,0.62097210627461
"rep10_fold5",0.566956760914452,0.569223283098125,0.575725770840125,0.570753625963222,0.581346438136652
"rep10_fold6",0.620183540976241,0.625108851574871,0.613166671353006,0.635879755575922,0.616499874804099
"rep10_fold7",0.64687381783976,0.673501347581355,0.674454953151924,0.658734121441888,0.669812269523969
"rep10_fold8",0.813729465077125,0.830295794699267,0.824751302617631,0.824715753296432,0.835069706383591
"rep10_fold9",0.556314844580701,0.572260969594023,0.561674134821261,0.563334248500708,0.568902470166434
"rep10_fold10",0.702385772679783,0.654984549036226,0.648025314917537,0.65902538344542,0.661129581430169
