"","GLMM_tree","Bart","BaBart_N*1","BaBart_N*5","BaBart_N*10"
"rep1_fold1",0.0603019510278895,0.0802606314551344,0.0967531507507061,0.0794994959655843,0.0813239839586241
"rep1_fold2",0.0510063168988384,0.0682149898881596,0.0750514044667429,0.065535751014361,0.0671693452427243
"rep1_fold3",0.068193542755885,0.0815712695865963,0.103934843405301,0.0902742059062311,0.0889603212236514
"rep1_fold4",0.0686369225429023,0.0937240291702162,0.109734676802968,0.100180073271498,0.100639685736426
"rep1_fold5",0.072812947777404,0.108351486567906,0.119032076958252,0.115531008065693,0.107588696198449
"rep1_fold6",0.0510362033735111,0.0819646719498969,0.101109726443412,0.0888926411050029,0.0860992731656517
"rep1_fold7",0.0598321085581092,0.0849536740364616,0.0884680184771383,0.0855581036134807,0.0867470184551322
"rep1_fold8",0.0650290486990332,0.0782513459729189,0.0801286175408496,0.0802699987843177,0.0797196975903008
"rep1_fold9",0.0600176805490627,0.0820313516655407,0.0982984760842176,0.0844750703360265,0.0828749256997419
"rep1_fold10",0.0639546504507844,0.0940702935886797,0.109369183109559,0.0953223634799557,0.0935191710470985
"rep2_fold1",0.0676063621025973,0.103684530130638,0.115266120871251,0.10153152312859,0.102536538908703
"rep2_fold2",0.0634522271622018,0.103619605933832,0.110904796268735,0.109538945189164,0.110242230520687
"rep2_fold3",0.0514283466819121,0.0917894098051238,0.0959450148390499,0.0877563444168175,0.0874599640513323
"rep2_fold4",0.0869294486373513,0.0956209892195051,0.125181662648483,0.110861081810862,0.100943400817629
"rep2_fold5",0.0633469051970274,0.0942577765333993,0.105209352162833,0.0990516511081908,0.0963624622533771
"rep2_fold6",0.0628810254359476,0.0782064252995877,0.096486225849693,0.0790078576517478,0.0807349362694461
"rep2_fold7",0.0673055317353947,0.0775241975675382,0.102517589428971,0.0861407052051817,0.0837694470964572
"rep2_fold8",0.0461657030643169,0.0756135873135139,0.0977454543540097,0.0816494662606645,0.0766457981597521
"rep2_fold9",0.0531229113074465,0.0656466835479246,0.0705393696080135,0.0664600860591389,0.0663957900449185
"rep2_fold10",0.0720850778253175,0.0781961931596796,0.103474377603438,0.0745874703576064,0.0779489898892427
"rep3_fold1",0.0676063621025973,0.103684530130638,0.115266120871251,0.10153152312859,0.102536538908703
"rep3_fold2",0.0634522271622018,0.103619605933832,0.110904796268735,0.109538945189164,0.110242230520687
"rep3_fold3",0.0514283466819121,0.0917894098051238,0.0959450148390499,0.0877563444168175,0.0874599640513323
"rep3_fold4",0.0869294486373513,0.0956209892195051,0.125181662648483,0.110861081810862,0.100943400817629
"rep3_fold5",0.0633469051970274,0.0942577765333993,0.105209352162833,0.0990516511081908,0.0963624622533771
"rep3_fold6",0.0628810254359476,0.0782064252995877,0.096486225849693,0.0790078576517478,0.0807349362694461
"rep3_fold7",0.0673055317353947,0.0775241975675382,0.102517589428971,0.0861407052051817,0.0837694470964572
"rep3_fold8",0.0461657030643169,0.0756135873135139,0.0977454543540097,0.0816494662606645,0.0766457981597521
"rep3_fold9",0.0531229113074465,0.0656466835479246,0.0705393696080135,0.0664600860591389,0.0663957900449185
"rep3_fold10",0.0720850778253175,0.0781961931596796,0.103474377603438,0.0745874703576064,0.0779489898892427
"rep4_fold1",0.0676063621025973,0.103684530130638,0.115266120871251,0.10153152312859,0.102536538908703
"rep4_fold2",0.0634522271622018,0.103619605933832,0.110904796268735,0.109538945189164,0.110242230520687
"rep4_fold3",0.0514283466819121,0.0917894098051238,0.0959450148390499,0.0877563444168175,0.0874599640513323
"rep4_fold4",0.0869294486373513,0.0956209892195051,0.125181662648483,0.110861081810862,0.100943400817629
"rep4_fold5",0.0633469051970274,0.0942577765333993,0.105209352162833,0.0990516511081908,0.0963624622533771
"rep4_fold6",0.0628810254359476,0.0782064252995877,0.096486225849693,0.0790078576517478,0.0807349362694461
"rep4_fold7",0.0673055317353947,0.0775241975675382,0.102517589428971,0.0861407052051817,0.0837694470964572
"rep4_fold8",0.0461657030643169,0.0756135873135139,0.0977454543540097,0.0816494662606645,0.0766457981597521
"rep4_fold9",0.0531229113074465,0.0656466835479246,0.0705393696080135,0.0664600860591389,0.0663957900449185
"rep4_fold10",0.0720850778253175,0.0781961931596796,0.103474377603438,0.0745874703576064,0.0779489898892427
"rep5_fold1",0.0676063621025973,0.103684530130638,0.115266120871251,0.10153152312859,0.102536538908703
"rep5_fold2",0.0634522271622018,0.103619605933832,0.110904796268735,0.109538945189164,0.110242230520687
"rep5_fold3",0.0514283466819121,0.0917894098051238,0.0959450148390499,0.0877563444168175,0.0874599640513323
"rep5_fold4",0.0869294486373513,0.0956209892195051,0.125181662648483,0.110861081810862,0.100943400817629
"rep5_fold5",0.0633469051970274,0.0942577765333993,0.105209352162833,0.0990516511081908,0.0963624622533771
"rep5_fold6",0.0628810254359476,0.0782064252995877,0.096486225849693,0.0790078576517478,0.0807349362694461
"rep5_fold7",0.0673055317353947,0.0775241975675382,0.102517589428971,0.0861407052051817,0.0837694470964572
"rep5_fold8",0.0461657030643169,0.0756135873135139,0.0977454543540097,0.0816494662606645,0.0766457981597521
"rep5_fold9",0.0531229113074465,0.0656466835479246,0.0705393696080135,0.0664600860591389,0.0663957900449185
"rep5_fold10",0.0720850778253175,0.0781961931596796,0.103474377603438,0.0745874703576064,0.0779489898892427
"rep6_fold1",0.0676063621025973,0.103684530130638,0.115266120871251,0.10153152312859,0.102536538908703
"rep6_fold2",0.0634522271622018,0.103619605933832,0.110904796268735,0.109538945189164,0.110242230520687
"rep6_fold3",0.0514283466819121,0.0917894098051238,0.0959450148390499,0.0877563444168175,0.0874599640513323
"rep6_fold4",0.0869294486373513,0.0956209892195051,0.125181662648483,0.110861081810862,0.100943400817629
"rep6_fold5",0.0633469051970274,0.0942577765333993,0.105209352162833,0.0990516511081908,0.0963624622533771
"rep6_fold6",0.0628810254359476,0.0782064252995877,0.096486225849693,0.0790078576517478,0.0807349362694461
"rep6_fold7",0.0673055317353947,0.0775241975675382,0.102517589428971,0.0861407052051817,0.0837694470964572
"rep6_fold8",0.0461657030643169,0.0756135873135139,0.0977454543540097,0.0816494662606645,0.0766457981597521
"rep6_fold9",0.0531229113074465,0.0656466835479246,0.0705393696080135,0.0664600860591389,0.0663957900449185
"rep6_fold10",0.0720850778253175,0.0781961931596796,0.103474377603438,0.0745874703576064,0.0779489898892427
"rep7_fold1",0.0676063621025973,0.103684530130638,0.115266120871251,0.10153152312859,0.102536538908703
"rep7_fold2",0.0634522271622018,0.103619605933832,0.110904796268735,0.109538945189164,0.110242230520687
"rep7_fold3",0.0514283466819121,0.0917894098051238,0.0959450148390499,0.0877563444168175,0.0874599640513323
"rep7_fold4",0.0869294486373513,0.0956209892195051,0.125181662648483,0.110861081810862,0.100943400817629
"rep7_fold5",0.0633469051970274,0.0942577765333993,0.105209352162833,0.0990516511081908,0.0963624622533771
"rep7_fold6",0.0628810254359476,0.0782064252995877,0.096486225849693,0.0790078576517478,0.0807349362694461
"rep7_fold7",0.0673055317353947,0.0775241975675382,0.102517589428971,0.0861407052051817,0.0837694470964572
"rep7_fold8",0.0461657030643169,0.0756135873135139,0.0977454543540097,0.0816494662606645,0.0766457981597521
"rep7_fold9",0.0531229113074465,0.0656466835479246,0.0705393696080135,0.0664600860591389,0.0663957900449185
"rep7_fold10",0.0720850778253175,0.0781961931596796,0.103474377603438,0.0745874703576064,0.0779489898892427
"rep8_fold1",0.0676063621025973,0.103684530130638,0.115266120871251,0.10153152312859,0.102536538908703
"rep8_fold2",0.0634522271622018,0.103619605933832,0.110904796268735,0.109538945189164,0.110242230520687
"rep8_fold3",0.0514283466819121,0.0920984625077051,0.101828545422626,0.0882292331960946,0.0883281093682337
"rep8_fold4",0.0869294486373513,0.0956209892195051,0.125181662648483,0.110861081810862,0.100943400817629
"rep8_fold5",0.0633469051970274,0.0942577765333993,0.105209352162833,0.0990516511081908,0.0963624622533771
"rep8_fold6",0.0628810254359476,0.0782064252995877,0.096486225849693,0.0790078576517478,0.0807349362694461
"rep8_fold7",0.0673055317353947,0.0775241975675382,0.102517589428971,0.0861407052051817,0.0837694470964572
"rep8_fold8",0.0461657030643169,0.0756135873135139,0.0977454543540097,0.0816494662606645,0.0766457981597521
"rep8_fold9",0.0531229113074465,0.0656466835479246,0.0705393696080135,0.0664600860591389,0.0663957900449185
"rep8_fold10",0.0720850778253175,0.0781961931596796,0.103474377603438,0.0745874703576064,0.0779489898892427
"rep9_fold1",0.0676063621025973,0.103684530130638,0.115266120871251,0.10153152312859,0.102536538908703
"rep9_fold2",0.0634522271622018,0.103619605933832,0.110904796268735,0.109538945189164,0.110242230520687
"rep9_fold3",0.0514283466819121,0.0917894098051238,0.0959450148390499,0.0877563444168175,0.0874599640513323
"rep9_fold4",0.0869294486373513,0.0956209892195051,0.125181662648483,0.110861081810862,0.100943400817629
"rep9_fold5",0.0633469051970274,0.0942577765333993,0.105209352162833,0.0990516511081908,0.0963624622533771
"rep9_fold6",0.0628810254359476,0.0782064252995877,0.096486225849693,0.0790078576517478,0.0807349362694461
"rep9_fold7",0.0673055317353947,0.0775241975675382,0.102517589428971,0.0861407052051817,0.0837694470964572
"rep9_fold8",0.0461657030643169,0.0756135873135139,0.0977454543540097,0.0816494662606645,0.0766457981597521
"rep9_fold9",0.0531229113074465,0.0656466835479246,0.0705393696080135,0.0664600860591389,0.0663957900449185
"rep9_fold10",0.0720850778253175,0.0781961931596796,0.103474377603438,0.0745874703576064,0.0779489898892427
"rep10_fold1",0.0676063621025973,0.103684530130638,0.115266120871251,0.10153152312859,0.102536538908703
"rep10_fold2",0.0634522271622018,0.103619605933832,0.110904796268735,0.109538945189164,0.110242230520687
"rep10_fold3",0.0514283466819121,0.0920984625077051,0.101828545422626,0.0882292331960946,0.0883281093682337
"rep10_fold4",0.0869294486373513,0.0956209892195051,0.125181662648483,0.110861081810862,0.100943400817629
"rep10_fold5",0.0633469051970274,0.0942577765333993,0.105209352162833,0.0990516511081908,0.0963624622533771
"rep10_fold6",0.0628810254359476,0.0782064252995877,0.096486225849693,0.0790078576517478,0.0807349362694461
"rep10_fold7",0.0673055317353947,0.0775241975675382,0.102517589428971,0.0861407052051817,0.0837694470964572
"rep10_fold8",0.0461657030643169,0.0756135873135139,0.0977454543540097,0.0816494662606645,0.0766457981597521
"rep10_fold9",0.0531229113074465,0.0656466835479246,0.0705393696080135,0.0664600860591389,0.0663957900449185
"rep10_fold10",0.0720850778253175,0.0781961931596796,0.103474377603438,0.0745874703576064,0.0779489898892427
