"","GLMM_tree","Bart","BaBart_N*1","BaBart_N*5","BaBart_N*10"
"rep1_fold1",0.598006303069679,0.632935101699199,0.629569194428527,0.635301717756586,0.632740682047552
"rep1_fold2",0.560770894197254,0.600908509401329,0.586250028641599,0.603544809840851,0.597738439010177
"rep1_fold3",0.619643189937204,0.61166629308411,0.598232904748835,0.614171406885858,0.612993492910883
"rep1_fold4",0.624388981164677,0.635741458641764,0.633752566301441,0.636690048159665,0.637292175460374
"rep1_fold5",0.695103638686598,0.665666864027453,0.652470110731456,0.659298874344604,0.665203471171819
"rep1_fold6",0.687883803642798,0.662740839003285,0.690357462966918,0.65704935376169,0.660102124637453
"rep1_fold7",0.652516125199987,0.672526084479114,0.660006584677445,0.677943075919411,0.674264283079418
"rep1_fold8",0.627593611463426,0.577398534888751,0.581033515014812,0.578979772792125,0.576767600464254
"rep1_fold9",0.608216506724468,0.630027594318758,0.626934645891169,0.626488695780692,0.627455157351656
"rep1_fold10",0.592978789072075,0.591889254670652,0.579099702373745,0.589411843702689,0.594889451359579
"rep2_fold1",0.591039900440618,0.587275470639815,0.591630000126611,0.580773230683375,0.59081026541496
"rep2_fold2",0.741531755659208,0.722712574075842,0.714351994728933,0.721134750002585,0.729132367164387
"rep2_fold3",0.74459922487039,0.740773487089434,0.735341481218239,0.741462261032091,0.741755416637004
"rep2_fold4",0.617559430162183,0.615138597108809,0.598481387190876,0.606575788675204,0.619874656393608
"rep2_fold5",0.570049332427384,0.562473734916179,0.556281389707149,0.563085370577062,0.56178254475211
"rep2_fold6",0.642147244397477,0.63523258339584,0.656307818531522,0.640621830809192,0.637932799959732
"rep2_fold7",0.507979786981223,0.512832569652351,0.503326753789486,0.514461793043312,0.515007835340779
"rep2_fold8",0.643495808159391,0.643581583321593,0.641657437017167,0.650426394342882,0.64030864606424
"rep2_fold9",0.72106064621897,0.675585526307989,0.668788517842919,0.662655984731799,0.674778875832859
"rep2_fold10",0.615151059421204,0.609289719272476,0.59994048228628,0.613206560242473,0.615638668673154
"rep3_fold1",0.591039900440618,0.587275470639815,0.591630000126611,0.580773230683375,0.59081026541496
"rep3_fold2",0.741531755659208,0.722712574075842,0.714351994728933,0.721134750002585,0.729132367164387
"rep3_fold3",0.74459922487039,0.740773487089434,0.735341481218239,0.741462261032091,0.741755416637004
"rep3_fold4",0.617559430162183,0.615138597108809,0.598481387190876,0.606575788675204,0.619874656393608
"rep3_fold5",0.570049332427384,0.562473734916179,0.556281389707149,0.563085370577062,0.56178254475211
"rep3_fold6",0.642147244397477,0.63523258339584,0.656307818531522,0.640621830809192,0.637932799959732
"rep3_fold7",0.507979786981223,0.512832569652351,0.503326753789486,0.514461793043312,0.515007835340779
"rep3_fold8",0.643495808159391,0.643581583321593,0.641657437017167,0.650426394342882,0.64030864606424
"rep3_fold9",0.72106064621897,0.675585526307989,0.668788517842919,0.662655984731799,0.674778875832859
"rep3_fold10",0.615151059421204,0.609289719272476,0.59994048228628,0.613206560242473,0.615638668673154
"rep4_fold1",0.591039900440618,0.587275470639815,0.591630000126611,0.580773230683375,0.59081026541496
"rep4_fold2",0.741531755659208,0.722712574075842,0.714351994728933,0.721134750002585,0.729132367164387
"rep4_fold3",0.74459922487039,0.740773487089434,0.735341481218239,0.741462261032091,0.741755416637004
"rep4_fold4",0.617559430162183,0.615138597108809,0.598481387190876,0.606575788675204,0.619874656393608
"rep4_fold5",0.570049332427384,0.562473734916179,0.556281389707149,0.563085370577062,0.56178254475211
"rep4_fold6",0.642147244397477,0.63523258339584,0.656307818531522,0.640621830809192,0.637932799959732
"rep4_fold7",0.507979786981223,0.512832569652351,0.503326753789486,0.514461793043312,0.515007835340779
"rep4_fold8",0.643495808159391,0.643581583321593,0.641657437017167,0.650426394342882,0.64030864606424
"rep4_fold9",0.72106064621897,0.675585526307989,0.668788517842919,0.662655984731799,0.674778875832859
"rep4_fold10",0.615151059421204,0.609289719272476,0.59994048228628,0.613206560242473,0.615638668673154
"rep5_fold1",0.591039900440618,0.587275470639815,0.591630000126611,0.580773230683375,0.59081026541496
"rep5_fold2",0.741531755659208,0.722712574075842,0.714351994728933,0.721134750002585,0.729132367164387
"rep5_fold3",0.74459922487039,0.740773487089434,0.735341481218239,0.741462261032091,0.741755416637004
"rep5_fold4",0.617559430162183,0.615138597108809,0.598481387190876,0.606575788675204,0.619874656393608
"rep5_fold5",0.570049332427384,0.562473734916179,0.556281389707149,0.563085370577062,0.56178254475211
"rep5_fold6",0.642147244397477,0.63523258339584,0.656307818531522,0.640621830809192,0.637932799959732
"rep5_fold7",0.507979786981223,0.512832569652351,0.503326753789486,0.514461793043312,0.515007835340779
"rep5_fold8",0.643495808159391,0.643581583321593,0.641657437017167,0.650426394342882,0.64030864606424
"rep5_fold9",0.72106064621897,0.675585526307989,0.668788517842919,0.662655984731799,0.674778875832859
"rep5_fold10",0.615151059421204,0.609289719272476,0.59994048228628,0.613206560242473,0.615638668673154
"rep6_fold1",0.591039900440618,0.587275470639815,0.591630000126611,0.580773230683375,0.59081026541496
"rep6_fold2",0.741531755659208,0.722712574075842,0.714351994728933,0.721134750002585,0.729132367164387
"rep6_fold3",0.74459922487039,0.740773487089434,0.735341481218239,0.741462261032091,0.741755416637004
"rep6_fold4",0.617559430162183,0.615138597108809,0.598481387190876,0.606575788675204,0.619874656393608
"rep6_fold5",0.570049332427384,0.562473734916179,0.556281389707149,0.563085370577062,0.56178254475211
"rep6_fold6",0.642147244397477,0.63523258339584,0.656307818531522,0.640621830809192,0.637932799959732
"rep6_fold7",0.507979786981223,0.512832569652351,0.503326753789486,0.514461793043312,0.515007835340779
"rep6_fold8",0.643495808159391,0.643581583321593,0.641657437017167,0.650426394342882,0.64030864606424
"rep6_fold9",0.72106064621897,0.675585526307989,0.668788517842919,0.662655984731799,0.674778875832859
"rep6_fold10",0.615151059421204,0.609289719272476,0.59994048228628,0.613206560242473,0.615638668673154
"rep7_fold1",0.591039900440618,0.587275470639815,0.591630000126611,0.580773230683375,0.59081026541496
"rep7_fold2",0.741531755659208,0.722712574075842,0.714351994728933,0.721134750002585,0.729132367164387
"rep7_fold3",0.74459922487039,0.740773487089434,0.735341481218239,0.741462261032091,0.741755416637004
"rep7_fold4",0.617559430162183,0.615138597108809,0.598481387190876,0.606575788675204,0.619874656393608
"rep7_fold5",0.570049332427384,0.562473734916179,0.556281389707149,0.563085370577062,0.56178254475211
"rep7_fold6",0.642147244397477,0.63523258339584,0.656307818531522,0.640621830809192,0.637932799959732
"rep7_fold7",0.507979786981223,0.512832569652351,0.503326753789486,0.514461793043312,0.515007835340779
"rep7_fold8",0.643495808159391,0.643581583321593,0.641657437017167,0.650426394342882,0.64030864606424
"rep7_fold9",0.72106064621897,0.675585526307989,0.668788517842919,0.662655984731799,0.674778875832859
"rep7_fold10",0.615151059421204,0.609289719272476,0.59994048228628,0.613206560242473,0.615638668673154
"rep8_fold1",0.591039900440618,0.587275470639815,0.591630000126611,0.580773230683375,0.59081026541496
"rep8_fold2",0.741531755659208,0.722712574075842,0.714351994728933,0.721134750002585,0.729132367164387
"rep8_fold3",0.74459922487039,0.740773487089434,0.735341481218239,0.741462261032091,0.741755416637004
"rep8_fold4",0.617559430162183,0.615138597108809,0.598481387190876,0.606575788675204,0.619874656393608
"rep8_fold5",0.570049332427384,0.562473734916179,0.556281389707149,0.563085370577062,0.56178254475211
"rep8_fold6",0.642147244397477,0.63523258339584,0.656307818531522,0.640621830809192,0.637932799959732
"rep8_fold7",0.507979786981223,0.512832569652351,0.503326753789486,0.514461793043312,0.515007835340779
"rep8_fold8",0.643495808159391,0.643581583321593,0.641657437017167,0.650426394342882,0.64030864606424
"rep8_fold9",0.72106064621897,0.675585526307989,0.668788517842919,0.662655984731799,0.674778875832859
"rep8_fold10",0.615151059421204,0.609289719272476,0.59994048228628,0.613206560242473,0.615638668673154
"rep9_fold1",0.591039900440618,0.587275470639815,0.591630000126611,0.580773230683375,0.59081026541496
"rep9_fold2",0.741531755659208,0.722712574075842,0.714351994728933,0.721134750002585,0.729132367164387
"rep9_fold3",0.74459922487039,0.740773487089434,0.735341481218239,0.741462261032091,0.741755416637004
"rep9_fold4",0.617559430162183,0.615138597108809,0.598481387190876,0.606575788675204,0.619874656393608
"rep9_fold5",0.570049332427384,0.562473734916179,0.556281389707149,0.563085370577062,0.56178254475211
"rep9_fold6",0.642147244397477,0.63523258339584,0.656307818531522,0.640621830809192,0.637932799959732
"rep9_fold7",0.507979786981223,0.512832569652351,0.503326753789486,0.514461793043312,0.515007835340779
"rep9_fold8",0.643495808159391,0.643581583321593,0.641657437017167,0.650426394342882,0.64030864606424
"rep9_fold9",0.72106064621897,0.675585526307989,0.668788517842919,0.662655984731799,0.674778875832859
"rep9_fold10",0.615151059421204,0.609289719272476,0.59994048228628,0.613206560242473,0.615638668673154
"rep10_fold1",0.591039900440618,0.587275470639815,0.591630000126611,0.580773230683375,0.59081026541496
"rep10_fold2",0.741531755659208,0.722712574075842,0.714351994728933,0.721134750002585,0.729132367164387
"rep10_fold3",0.74459922487039,0.740773487089434,0.735341481218239,0.741462261032091,0.741755416637004
"rep10_fold4",0.617559430162183,0.615138597108809,0.598481387190876,0.606575788675204,0.619874656393608
"rep10_fold5",0.570049332427384,0.562473734916179,0.556281389707149,0.563085370577062,0.56178254475211
"rep10_fold6",0.642147244397477,0.63523258339584,0.656307818531522,0.640621830809192,0.637932799959732
"rep10_fold7",0.507979786981223,0.512832569652351,0.503326753789486,0.514461793043312,0.515007835340779
"rep10_fold8",0.643495808159391,0.643581583321593,0.641657437017167,0.650426394342882,0.64030864606424
"rep10_fold9",0.72106064621897,0.675585526307989,0.668788517842919,0.662655984731799,0.674778875832859
"rep10_fold10",0.615151059421204,0.609289719272476,0.59994048228628,0.613206560242473,0.615638668673154
