"","Smearing_N*1_palt=0.25","Smearing_N*5_palt=0.25","Smearing_N*1_palt=0.5","Smearing_N*5_palt=0.5"
"rep1_fold1",0.50798157662288,0.463175245902004,0.538661613444978,0.568633930818907
"rep1_fold2",0.433258526144914,0.436583632994083,0.504034311242307,0.478227897232465
"rep1_fold3",0.434208803344978,0.468043375482439,0.481058924953816,0.485208562295416
"rep1_fold4",0.490802724956127,0.469553292744624,0.489338031549615,0.525866816963474
"rep1_fold5",0.498848646798778,0.480728722425341,0.546301721679583,0.553052984798389
"rep1_fold6",0.474750540854664,0.48160923069469,0.526390184215271,0.528222619372285
"rep1_fold7",0.482251872304868,0.468955226675016,0.552403074173948,0.547662934392303
"rep1_fold8",0.560008261007902,0.580604019638199,0.639943387336869,0.633436128161722
"rep1_fold9",0.614421847894202,0.612933919488367,0.647037806595335,0.638369238873132
"rep1_fold10",0.402400697776654,0.424074903429094,0.494638818373392,0.479348412523763
"rep2_fold1",0.482400392858222,0.470417326294803,0.533619493146853,0.533560679659811
"rep2_fold2",0.513690796426009,0.50176733387533,0.514952312662777,0.569299614583467
"rep2_fold3",0.464135166279565,0.469350421074124,0.496876474601374,0.509132616942031
"rep2_fold4",0.540015588333284,0.507045108764729,0.601038832357048,0.564870199700272
"rep2_fold5",0.439251620065028,0.448034789939172,0.536540486713107,0.509350461098189
"rep2_fold6",0.49339781182244,0.506850296185943,0.49814809748277,0.512656748303006
"rep2_fold7",0.523871272639528,0.492746705070581,0.528529645277562,0.515318994777917
"rep2_fold8",0.560763368498604,0.527755946996715,0.617243095047807,0.596906383566349
"rep2_fold9",0.487313533095281,0.476562443380468,0.605730687821537,0.578194196724718
"rep2_fold10",0.510841238048927,0.513451500581027,0.55752031393624,0.533612059563973
"rep3_fold1",0.482400392858222,0.470417326294803,0.533619493146853,0.533560679659811
"rep3_fold2",0.513690796426009,0.50176733387533,0.514952312662777,0.569299614583467
"rep3_fold3",0.464135166279565,0.469350421074124,0.496876474601374,0.509132616942031
"rep3_fold4",0.540015588333284,0.507045108764729,0.601038832357048,0.564870199700272
"rep3_fold5",0.439251620065028,0.448034789939172,0.536540486713107,0.509350461098189
"rep3_fold6",0.49339781182244,0.506850296185943,0.49814809748277,0.512656748303006
"rep3_fold7",0.523871272639528,0.492746705070581,0.528529645277562,0.515318994777917
"rep3_fold8",0.560763368498604,0.527755946996715,0.617243095047807,0.596906383566349
"rep3_fold9",0.487313533095281,0.476562443380468,0.605730687821537,0.578194196724718
"rep3_fold10",0.510841238048927,0.513451500581027,0.55752031393624,0.533612059563973
"rep4_fold1",0.482400392858222,0.470417326294803,0.533619493146853,0.533560679659811
"rep4_fold2",0.513690796426009,0.50176733387533,0.514952312662777,0.569299614583467
"rep4_fold3",0.464135166279565,0.469350421074124,0.496876474601374,0.509132616942031
"rep4_fold4",0.540015588333284,0.507045108764729,0.601038832357048,0.564870199700272
"rep4_fold5",0.439251620065028,0.448034789939172,0.536540486713107,0.509350461098189
"rep4_fold6",0.49339781182244,0.506850296185943,0.49814809748277,0.512656748303006
"rep4_fold7",0.523871272639528,0.492746705070581,0.528529645277562,0.515318994777917
"rep4_fold8",0.560763368498604,0.527755946996715,0.617243095047807,0.596906383566349
"rep4_fold9",0.487313533095281,0.476562443380468,0.605730687821537,0.578194196724718
"rep4_fold10",0.510841238048927,0.513451500581027,0.55752031393624,0.533612059563973
"rep5_fold1",0.482400392858222,0.470417326294803,0.533619493146853,0.533560679659811
"rep5_fold2",0.513690796426009,0.50176733387533,0.514952312662777,0.569299614583467
"rep5_fold3",0.464135166279565,0.469350421074124,0.496876474601374,0.509132616942031
"rep5_fold4",0.540015588333284,0.507045108764729,0.601038832357048,0.564870199700272
"rep5_fold5",0.439251620065028,0.448034789939172,0.536540486713107,0.509350461098189
"rep5_fold6",0.49339781182244,0.506850296185943,0.49814809748277,0.512656748303006
"rep5_fold7",0.523871272639528,0.492746705070581,0.528529645277562,0.515318994777917
"rep5_fold8",0.560763368498604,0.527755946996715,0.617243095047807,0.596906383566349
"rep5_fold9",0.487313533095281,0.476562443380468,0.605730687821537,0.578194196724718
"rep5_fold10",0.510841238048927,0.513451500581027,0.55752031393624,0.533612059563973
"rep6_fold1",0.482400392858222,0.470417326294803,0.533619493146853,0.533560679659811
"rep6_fold2",0.513690796426009,0.50176733387533,0.514952312662777,0.569299614583467
"rep6_fold3",0.464135166279565,0.469350421074124,0.496876474601374,0.509132616942031
"rep6_fold4",0.540015588333284,0.507045108764729,0.601038832357048,0.564870199700272
"rep6_fold5",0.439251620065028,0.448034789939172,0.536540486713107,0.509350461098189
"rep6_fold6",0.49339781182244,0.506850296185943,0.49814809748277,0.512656748303006
"rep6_fold7",0.523871272639528,0.492746705070581,0.528529645277562,0.515318994777917
"rep6_fold8",0.560763368498604,0.527755946996715,0.617243095047807,0.596906383566349
"rep6_fold9",0.487313533095281,0.476562443380468,0.605730687821537,0.578194196724718
"rep6_fold10",0.510841238048927,0.513451500581027,0.55752031393624,0.533612059563973
"rep7_fold1",0.482400392858222,0.470417326294803,0.533619493146853,0.533560679659811
"rep7_fold2",0.513690796426009,0.50176733387533,0.514952312662777,0.569299614583467
"rep7_fold3",0.464135166279565,0.469350421074124,0.496876474601374,0.509132616942031
"rep7_fold4",0.540015588333284,0.507045108764729,0.601038832357048,0.564870199700272
"rep7_fold5",0.439251620065028,0.448034789939172,0.536540486713107,0.509350461098189
"rep7_fold6",0.49339781182244,0.506850296185943,0.49814809748277,0.512656748303006
"rep7_fold7",0.523871272639528,0.492746705070581,0.528529645277562,0.515318994777917
"rep7_fold8",0.560763368498604,0.527755946996715,0.617243095047807,0.596906383566349
"rep7_fold9",0.487313533095281,0.476562443380468,0.605730687821537,0.578194196724718
"rep7_fold10",0.510841238048927,0.513451500581027,0.55752031393624,0.533612059563973
"rep8_fold1",0.479541527114806,0.470417326294803,0.533619493146853,0.533560679659811
"rep8_fold2",0.513690796426009,0.50176733387533,0.514952312662777,0.569299614583467
"rep8_fold3",0.464135166279565,0.469350421074124,0.496876474601374,0.509132616942031
"rep8_fold4",0.540015588333284,0.507045108764729,0.601038832357048,0.564870199700272
"rep8_fold5",0.439251620065028,0.448034789939172,0.536540486713107,0.509350461098189
"rep8_fold6",0.49339781182244,0.506850296185943,0.49814809748277,0.512656748303006
"rep8_fold7",0.523871272639528,0.492746705070581,0.528529645277562,0.515318994777917
"rep8_fold8",0.560763368498604,0.527755946996715,0.617243095047807,0.596906383566349
"rep8_fold9",0.487313533095281,0.476562443380468,0.605730687821537,0.578194196724718
"rep8_fold10",0.510841238048927,0.513451500581027,0.55752031393624,0.533612059563973
"rep9_fold1",0.482400392858222,0.470417326294803,0.533619493146853,0.533560679659811
"rep9_fold2",0.513690796426009,0.50176733387533,0.514952312662777,0.569299614583467
"rep9_fold3",0.464135166279565,0.469350421074124,0.496876474601374,0.509132616942031
"rep9_fold4",0.540015588333284,0.507045108764729,0.601038832357048,0.564870199700272
"rep9_fold5",0.439251620065028,0.448034789939172,0.536540486713107,0.509350461098189
"rep9_fold6",0.49339781182244,0.506850296185943,0.49814809748277,0.512656748303006
"rep9_fold7",0.523871272639528,0.492746705070581,0.528529645277562,0.515318994777917
"rep9_fold8",0.560763368498604,0.527755946996715,0.617243095047807,0.596906383566349
"rep9_fold9",0.487313533095281,0.476562443380468,0.605730687821537,0.578194196724718
"rep9_fold10",0.510841238048927,0.513451500581027,0.55752031393624,0.533612059563973
"rep10_fold1",0.482400392858222,0.470417326294803,0.533619493146853,0.533560679659811
"rep10_fold2",0.513690796426009,0.50176733387533,0.514952312662777,0.569299614583467
"rep10_fold3",0.464135166279565,0.469350421074124,0.496876474601374,0.509132616942031
"rep10_fold4",0.540015588333284,0.507045108764729,0.601038832357048,0.564870199700272
"rep10_fold5",0.439251620065028,0.448034789939172,0.536540486713107,0.509350461098189
"rep10_fold6",0.49339781182244,0.506850296185943,0.49814809748277,0.512656748303006
"rep10_fold7",0.523871272639528,0.492746705070581,0.528529645277562,0.515318994777917
"rep10_fold8",0.560763368498604,0.527755946996715,0.617243095047807,0.596906383566349
"rep10_fold9",0.487313533095281,0.476562443380468,0.605730687821537,0.578194196724718
"rep10_fold10",0.510841238048927,0.513451500581027,0.55752031393624,0.533612059563973
