"","GLMM_tree","Bart","BaBart_N*1","BaBart_N*5","BaBart_N*10"
"rep1_fold1",0.420972272618251,0.379869019420574,0.382716265533841,0.395557487230725,0.380363841590299
"rep1_fold2",0.479309121598824,0.40525500830967,0.415641767137642,0.393748466044535,0.399454820781072
"rep1_fold3",0.441670352058091,0.42846312185144,0.421257316896877,0.443600609572535,0.43266371702526
"rep1_fold4",0.52336286219588,0.445089418957582,0.467750127425309,0.445315306691364,0.445528596075188
"rep1_fold5",0.502740428873204,0.450546793326688,0.465872186522336,0.450743921650697,0.447976494071041
"rep1_fold6",0.464759537172861,0.390909667727846,0.440533693809252,0.386975508489348,0.399843351223106
"rep1_fold7",0.466993891662319,0.44283447507235,0.467050013308578,0.446890015242413,0.445994016335176
"rep1_fold8",0.556916747169372,0.543163688370521,0.561728419917129,0.549011264910477,0.553608637735839
"rep1_fold9",0.606425220415215,0.581812282548012,0.576381951751796,0.576372826116092,0.568080870989491
"rep1_fold10",0.373700958227587,0.338719073756958,0.388571134001913,0.324459930170537,0.340144412101428
"rep2_fold1",0.572783810608631,0.540474407835747,0.536450357047913,0.547272323217815,0.536808362691569
"rep2_fold2",0.451264517818413,0.444473088907985,0.438389421729797,0.451465853792758,0.443866685476789
"rep2_fold3",0.475761248040142,0.406251834108695,0.434840911727737,0.429704466217878,0.409053372777288
"rep2_fold4",0.435007134423377,0.401093179546912,0.387531024171599,0.401078490013382,0.408385007599484
"rep2_fold5",0.44055525367641,0.387147995337784,0.378873031689343,0.388227056939193,0.39694716674448
"rep2_fold6",0.495848356731504,0.456125390316394,0.448206960543598,0.447972577249686,0.44717918792139
"rep2_fold7",0.506635517396692,0.465902562548514,0.491130404399965,0.459348486720456,0.460931831458729
"rep2_fold8",0.452195430235234,0.414135924341102,0.44168280673102,0.411224699338059,0.419495885742289
"rep2_fold9",0.499545652725656,0.478789857760468,0.505176281234052,0.492311294237908,0.493693284522898
"rep2_fold10",0.458992571395234,0.420811700956265,0.423569407707993,0.409255379082027,0.42922253432798
"rep3_fold1",0.572783810608631,0.540474407835747,0.536450357047913,0.547272323217815,0.536808362691569
"rep3_fold2",0.451264517818413,0.444473088907985,0.438389421729797,0.451465853792758,0.443866685476789
"rep3_fold3",0.475761248040142,0.406251834108695,0.434840911727737,0.429704466217878,0.409053372777288
"rep3_fold4",0.435007134423377,0.401093179546912,0.387531024171599,0.401078490013382,0.408385007599484
"rep3_fold5",0.44055525367641,0.387147995337784,0.378873031689343,0.388227056939193,0.39694716674448
"rep3_fold6",0.495848356731504,0.456125390316394,0.448206960543598,0.447972577249686,0.44717918792139
"rep3_fold7",0.506635517396692,0.465902562548514,0.491130404399965,0.459348486720456,0.460931831458729
"rep3_fold8",0.452195430235234,0.414135924341102,0.44168280673102,0.411224699338059,0.419495885742289
"rep3_fold9",0.499545652725656,0.478789857760468,0.505176281234052,0.492311294237908,0.493693284522898
"rep3_fold10",0.458992571395234,0.420811700956265,0.423569407707993,0.409255379082027,0.42922253432798
"rep4_fold1",0.572783810608631,0.540474407835747,0.536450357047913,0.547272323217815,0.536808362691569
"rep4_fold2",0.451264517818413,0.444473088907985,0.438389421729797,0.451465853792758,0.443866685476789
"rep4_fold3",0.475761248040142,0.406251834108695,0.434840911727737,0.429704466217878,0.409053372777288
"rep4_fold4",0.435007134423377,0.401093179546912,0.387531024171599,0.401078490013382,0.408385007599484
"rep4_fold5",0.44055525367641,0.387147995337784,0.378873031689343,0.388227056939193,0.39694716674448
"rep4_fold6",0.495848356731504,0.456125390316394,0.448206960543598,0.447972577249686,0.44717918792139
"rep4_fold7",0.506635517396692,0.465902562548514,0.491130404399965,0.459348486720456,0.460931831458729
"rep4_fold8",0.452195430235234,0.414135924341102,0.44168280673102,0.411224699338059,0.419495885742289
"rep4_fold9",0.499545652725656,0.478789857760468,0.505176281234052,0.492311294237908,0.493693284522898
"rep4_fold10",0.458992571395234,0.420811700956265,0.423569407707993,0.409255379082027,0.42922253432798
"rep5_fold1",0.572783810608631,0.540474407835747,0.536450357047913,0.547272323217815,0.536808362691569
"rep5_fold2",0.451264517818413,0.444473088907985,0.438389421729797,0.451465853792758,0.443866685476789
"rep5_fold3",0.475761248040142,0.406251834108695,0.434840911727737,0.429704466217878,0.409053372777288
"rep5_fold4",0.435007134423377,0.401093179546912,0.387531024171599,0.401078490013382,0.408385007599484
"rep5_fold5",0.44055525367641,0.387147995337784,0.378873031689343,0.388227056939193,0.39694716674448
"rep5_fold6",0.495848356731504,0.456125390316394,0.448206960543598,0.447972577249686,0.44717918792139
"rep5_fold7",0.506635517396692,0.465902562548514,0.491130404399965,0.459348486720456,0.460931831458729
"rep5_fold8",0.452195430235234,0.414135924341102,0.44168280673102,0.411224699338059,0.419495885742289
"rep5_fold9",0.499545652725656,0.478789857760468,0.505176281234052,0.492311294237908,0.493693284522898
"rep5_fold10",0.458992571395234,0.420811700956265,0.423569407707993,0.409255379082027,0.42922253432798
"rep6_fold1",0.572783810608631,0.540474407835747,0.536450357047913,0.547272323217815,0.536808362691569
"rep6_fold2",0.451264517818413,0.444473088907985,0.438389421729797,0.451465853792758,0.443866685476789
"rep6_fold3",0.475761248040142,0.406251834108695,0.434840911727737,0.429704466217878,0.409053372777288
"rep6_fold4",0.435007134423377,0.401093179546912,0.387531024171599,0.401078490013382,0.408385007599484
"rep6_fold5",0.44055525367641,0.387147995337784,0.378873031689343,0.388227056939193,0.39694716674448
"rep6_fold6",0.495848356731504,0.456125390316394,0.448206960543598,0.447972577249686,0.44717918792139
"rep6_fold7",0.506635517396692,0.465902562548514,0.491130404399965,0.459348486720456,0.460931831458729
"rep6_fold8",0.452195430235234,0.414135924341102,0.44168280673102,0.411224699338059,0.419495885742289
"rep6_fold9",0.499545652725656,0.478789857760468,0.505176281234052,0.492311294237908,0.493693284522898
"rep6_fold10",0.458992571395234,0.420811700956265,0.423569407707993,0.409255379082027,0.42922253432798
"rep7_fold1",0.572783810608631,0.540474407835747,0.536450357047913,0.547272323217815,0.536808362691569
"rep7_fold2",0.451264517818413,0.444473088907985,0.438389421729797,0.451465853792758,0.443866685476789
"rep7_fold3",0.475761248040142,0.406251834108695,0.434840911727737,0.429704466217878,0.409053372777288
"rep7_fold4",0.435007134423377,0.401093179546912,0.387531024171599,0.401078490013382,0.408385007599484
"rep7_fold5",0.44055525367641,0.387147995337784,0.378873031689343,0.388227056939193,0.39694716674448
"rep7_fold6",0.495848356731504,0.456125390316394,0.448206960543598,0.447972577249686,0.44717918792139
"rep7_fold7",0.506635517396692,0.465902562548514,0.491130404399965,0.459348486720456,0.460931831458729
"rep7_fold8",0.452195430235234,0.414135924341102,0.44168280673102,0.411224699338059,0.419495885742289
"rep7_fold9",0.499545652725656,0.478789857760468,0.505176281234052,0.492311294237908,0.493693284522898
"rep7_fold10",0.458992571395234,0.420811700956265,0.423569407707993,0.409255379082027,0.42922253432798
"rep8_fold1",0.572783810608631,0.540474407835747,0.536450357047913,0.547272323217815,0.536808362691569
"rep8_fold2",0.451264517818413,0.444473088907985,0.438389421729797,0.451465853792758,0.443866685476789
"rep8_fold3",0.475761248040142,0.406251834108695,0.434840911727737,0.429704466217878,0.409053372777288
"rep8_fold4",0.435007134423377,0.401093179546912,0.387531024171599,0.401078490013382,0.408385007599484
"rep8_fold5",0.44055525367641,0.387147995337784,0.378873031689343,0.388227056939193,0.39694716674448
"rep8_fold6",0.495848356731504,0.456125390316394,0.448206960543598,0.447972577249686,0.44717918792139
"rep8_fold7",0.506635517396692,0.465902562548514,0.491130404399965,0.459348486720456,0.460931831458729
"rep8_fold8",0.452195430235234,0.414135924341102,0.44168280673102,0.411224699338059,0.419495885742289
"rep8_fold9",0.499545652725656,0.478789857760468,0.505176281234052,0.492311294237908,0.493693284522898
"rep8_fold10",0.458992571395234,0.420811700956265,0.423569407707993,0.409255379082027,0.42922253432798
"rep9_fold1",0.572783810608631,0.540474407835747,0.536450357047913,0.547272323217815,0.536808362691569
"rep9_fold2",0.451264517818413,0.444473088907985,0.438389421729797,0.451465853792758,0.443866685476789
"rep9_fold3",0.475761248040142,0.406251834108695,0.434840911727737,0.429704466217878,0.409053372777288
"rep9_fold4",0.435007134423377,0.401093179546912,0.387531024171599,0.401078490013382,0.408385007599484
"rep9_fold5",0.44055525367641,0.387147995337784,0.378873031689343,0.388227056939193,0.39694716674448
"rep9_fold6",0.495848356731504,0.456125390316394,0.448206960543598,0.447972577249686,0.44717918792139
"rep9_fold7",0.506635517396692,0.465902562548514,0.491130404399965,0.459348486720456,0.460931831458729
"rep9_fold8",0.452195430235234,0.414135924341102,0.44168280673102,0.411224699338059,0.419495885742289
"rep9_fold9",0.499545652725656,0.478789857760468,0.505176281234052,0.492311294237908,0.493693284522898
"rep9_fold10",0.458992571395234,0.420811700956265,0.423569407707993,0.409255379082027,0.42922253432798
"rep10_fold1",0.572783810608631,0.540474407835747,0.536450357047913,0.547272323217815,0.536808362691569
"rep10_fold2",0.451264517818413,0.444473088907985,0.438389421729797,0.451465853792758,0.443866685476789
"rep10_fold3",0.475761248040142,0.406251834108695,0.434840911727737,0.429704466217878,0.409053372777288
"rep10_fold4",0.435007134423377,0.401093179546912,0.387531024171599,0.401078490013382,0.408385007599484
"rep10_fold5",0.44055525367641,0.387147995337784,0.378873031689343,0.388227056939193,0.39694716674448
"rep10_fold6",0.495848356731504,0.456125390316394,0.448206960543598,0.447972577249686,0.44717918792139
"rep10_fold7",0.506635517396692,0.465902562548514,0.491130404399965,0.459348486720456,0.460931831458729
"rep10_fold8",0.452195430235234,0.414135924341102,0.44168280673102,0.411224699338059,0.419495885742289
"rep10_fold9",0.499545652725656,0.478789857760468,0.505176281234052,0.492311294237908,0.493693284522898
"rep10_fold10",0.458992571395234,0.420811700956265,0.423569407707993,0.409255379082027,0.42922253432798
