"","GLMM_tree","Bart","BaBart_N*1","BaBart_N*5","BaBart_N*10"
"rep1_fold1",0.420972272618251,0.379869019420574,0.382716265533841,0.378704470920345,0.375909522331688
"rep1_fold2",0.479309121598824,0.40525500830967,0.415641767137642,0.392621438066522,0.399902006110263
"rep1_fold3",0.441670352058091,0.42846312185144,0.421257316896877,0.440988878391332,0.438078021313917
"rep1_fold4",0.52336286219588,0.445089418957582,0.467750127425309,0.446136595839932,0.452816345455179
"rep1_fold5",0.502740428873204,0.450546793326688,0.465872186522336,0.452494873231148,0.443848359045352
"rep1_fold6",0.464759537172861,0.390909667727846,0.440533693809252,0.377271502502443,0.39188055596363
"rep1_fold7",0.466993891662319,0.44283447507235,0.467050013308578,0.454473907563742,0.444134270975702
"rep1_fold8",0.556916747169372,0.543163688370521,0.561728419917129,0.556103458748745,0.55353698682159
"rep1_fold9",0.606425220415215,0.581812282548012,0.576381951751796,0.576521529242151,0.582804387624446
"rep1_fold10",0.373700958227587,0.338719073756958,0.388571134001913,0.326770281229011,0.331665752919106
"rep2_fold1",0.572783810608631,0.540474407835747,0.536450357047913,0.549979862779223,0.538939159305065
"rep2_fold2",0.451264517818413,0.444473088907985,0.438389421729797,0.453737566804043,0.45146020223803
"rep2_fold3",0.475761248040142,0.406251834108695,0.434840911727737,0.421816721910509,0.41385803336949
"rep2_fold4",0.435007134423377,0.401093179546912,0.387531024171599,0.407230499259141,0.396612995870636
"rep2_fold5",0.44055525367641,0.387147995337784,0.378873031689343,0.382203225690157,0.393934653271536
"rep2_fold6",0.495848356731504,0.456125390316394,0.448206960543598,0.448492402525121,0.442612822054408
"rep2_fold7",0.506635517396692,0.465902562548514,0.491130404399965,0.458088008397058,0.469358133304148
"rep2_fold8",0.452195430235234,0.414135924341102,0.44168280673102,0.414834050257494,0.425574205710843
"rep2_fold9",0.499545652725656,0.478789857760468,0.505176281234052,0.477181586187533,0.474137959969182
"rep2_fold10",0.458992571395234,0.420811700956265,0.423569407707993,0.412153071166572,0.422456175149176
"rep3_fold1",0.572783810608631,0.540474407835747,0.536450357047913,0.549979862779223,0.538939159305065
"rep3_fold2",0.451264517818413,0.444473088907985,0.438389421729797,0.453737566804043,0.45146020223803
"rep3_fold3",0.475761248040142,0.406251834108695,0.434840911727737,0.421816721910509,0.41385803336949
"rep3_fold4",0.435007134423377,0.401093179546912,0.387531024171599,0.407230499259141,0.396612995870636
"rep3_fold5",0.44055525367641,0.387147995337784,0.378873031689343,0.382203225690157,0.393934653271536
"rep3_fold6",0.495848356731504,0.456125390316394,0.448206960543598,0.448492402525121,0.442612822054408
"rep3_fold7",0.506635517396692,0.465902562548514,0.491130404399965,0.458088008397058,0.469358133304148
"rep3_fold8",0.452195430235234,0.414135924341102,0.44168280673102,0.414834050257494,0.425574205710843
"rep3_fold9",0.499545652725656,0.478789857760468,0.505176281234052,0.477181586187533,0.474137959969182
"rep3_fold10",0.458992571395234,0.420811700956265,0.423569407707993,0.412153071166572,0.422456175149176
"rep4_fold1",0.572783810608631,0.540474407835747,0.536450357047913,0.549979862779223,0.538939159305065
"rep4_fold2",0.451264517818413,0.444473088907985,0.438389421729797,0.453737566804043,0.45146020223803
"rep4_fold3",0.475761248040142,0.406251834108695,0.434840911727737,0.421816721910509,0.41385803336949
"rep4_fold4",0.435007134423377,0.401093179546912,0.387531024171599,0.407230499259141,0.396612995870636
"rep4_fold5",0.44055525367641,0.387147995337784,0.378873031689343,0.382203225690157,0.393934653271536
"rep4_fold6",0.495848356731504,0.456125390316394,0.448206960543598,0.448492402525121,0.442612822054408
"rep4_fold7",0.506635517396692,0.465902562548514,0.491130404399965,0.458088008397058,0.469358133304148
"rep4_fold8",0.452195430235234,0.414135924341102,0.44168280673102,0.414834050257494,0.425574205710843
"rep4_fold9",0.499545652725656,0.478789857760468,0.505176281234052,0.477181586187533,0.474137959969182
"rep4_fold10",0.458992571395234,0.420811700956265,0.423569407707993,0.412153071166572,0.422456175149176
"rep5_fold1",0.572783810608631,0.540474407835747,0.536450357047913,0.549979862779223,0.538939159305065
"rep5_fold2",0.451264517818413,0.444473088907985,0.438389421729797,0.453737566804043,0.45146020223803
"rep5_fold3",0.475761248040142,0.406251834108695,0.434840911727737,0.421816721910509,0.41385803336949
"rep5_fold4",0.435007134423377,0.401093179546912,0.387531024171599,0.407230499259141,0.396612995870636
"rep5_fold5",0.44055525367641,0.387147995337784,0.378873031689343,0.382203225690157,0.393934653271536
"rep5_fold6",0.495848356731504,0.456125390316394,0.448206960543598,0.448492402525121,0.442612822054408
"rep5_fold7",0.506635517396692,0.465902562548514,0.491130404399965,0.458088008397058,0.469358133304148
"rep5_fold8",0.452195430235234,0.414135924341102,0.44168280673102,0.414834050257494,0.425574205710843
"rep5_fold9",0.499545652725656,0.478789857760468,0.505176281234052,0.477181586187533,0.474137959969182
"rep5_fold10",0.458992571395234,0.420811700956265,0.423569407707993,0.412153071166572,0.422456175149176
"rep6_fold1",0.572783810608631,0.540474407835747,0.536450357047913,0.549979862779223,0.538939159305065
"rep6_fold2",0.451264517818413,0.444473088907985,0.438389421729797,0.453737566804043,0.45146020223803
"rep6_fold3",0.475761248040142,0.406251834108695,0.434840911727737,0.421816721910509,0.41385803336949
"rep6_fold4",0.435007134423377,0.401093179546912,0.387531024171599,0.407230499259141,0.396612995870636
"rep6_fold5",0.44055525367641,0.387147995337784,0.378873031689343,0.382203225690157,0.393934653271536
"rep6_fold6",0.495848356731504,0.456125390316394,0.448206960543598,0.448492402525121,0.442612822054408
"rep6_fold7",0.506635517396692,0.465902562548514,0.491130404399965,0.458088008397058,0.469358133304148
"rep6_fold8",0.452195430235234,0.414135924341102,0.44168280673102,0.414834050257494,0.425574205710843
"rep6_fold9",0.499545652725656,0.478789857760468,0.505176281234052,0.477181586187533,0.474137959969182
"rep6_fold10",0.458992571395234,0.420811700956265,0.423569407707993,0.412153071166572,0.422456175149176
"rep7_fold1",0.572783810608631,0.540474407835747,0.536450357047913,0.549979862779223,0.538939159305065
"rep7_fold2",0.451264517818413,0.444473088907985,0.438389421729797,0.453737566804043,0.45146020223803
"rep7_fold3",0.475761248040142,0.406251834108695,0.434840911727737,0.421816721910509,0.41385803336949
"rep7_fold4",0.435007134423377,0.401093179546912,0.387531024171599,0.407230499259141,0.396612995870636
"rep7_fold5",0.44055525367641,0.387147995337784,0.378873031689343,0.382203225690157,0.393934653271536
"rep7_fold6",0.495848356731504,0.456125390316394,0.448206960543598,0.448492402525121,0.442612822054408
"rep7_fold7",0.506635517396692,0.465902562548514,0.491130404399965,0.458088008397058,0.469358133304148
"rep7_fold8",0.452195430235234,0.414135924341102,0.44168280673102,0.414834050257494,0.425574205710843
"rep7_fold9",0.499545652725656,0.478789857760468,0.505176281234052,0.477181586187533,0.474137959969182
"rep7_fold10",0.458992571395234,0.420811700956265,0.423569407707993,0.412153071166572,0.422456175149176
"rep8_fold1",0.572783810608631,0.540474407835747,0.536450357047913,0.549979862779223,0.538939159305065
"rep8_fold2",0.451264517818413,0.444473088907985,0.438389421729797,0.453737566804043,0.45146020223803
"rep8_fold3",0.475761248040142,0.406251834108695,0.434840911727737,0.421816721910509,0.41385803336949
"rep8_fold4",0.435007134423377,0.401093179546912,0.387531024171599,0.407230499259141,0.396612995870636
"rep8_fold5",0.44055525367641,0.387147995337784,0.378873031689343,0.382203225690157,0.393934653271536
"rep8_fold6",0.495848356731504,0.456125390316394,0.448206960543598,0.448492402525121,0.442612822054408
"rep8_fold7",0.506635517396692,0.465902562548514,0.491130404399965,0.458088008397058,0.469358133304148
"rep8_fold8",0.452195430235234,0.414135924341102,0.44168280673102,0.414834050257494,0.425574205710843
"rep8_fold9",0.499545652725656,0.478789857760468,0.505176281234052,0.477181586187533,0.474137959969182
"rep8_fold10",0.458992571395234,0.420811700956265,0.423569407707993,0.412153071166572,0.422456175149176
"rep9_fold1",0.572783810608631,0.540474407835747,0.536450357047913,0.549979862779223,0.538939159305065
"rep9_fold2",0.451264517818413,0.444473088907985,0.438389421729797,0.453737566804043,0.45146020223803
"rep9_fold3",0.475761248040142,0.406251834108695,0.434840911727737,0.421816721910509,0.41385803336949
"rep9_fold4",0.435007134423377,0.401093179546912,0.387531024171599,0.407230499259141,0.396612995870636
"rep9_fold5",0.44055525367641,0.387147995337784,0.378873031689343,0.382203225690157,0.393934653271536
"rep9_fold6",0.495848356731504,0.456125390316394,0.448206960543598,0.448492402525121,0.442612822054408
"rep9_fold7",0.506635517396692,0.465902562548514,0.491130404399965,0.458088008397058,0.469358133304148
"rep9_fold8",0.452195430235234,0.414135924341102,0.44168280673102,0.414834050257494,0.425574205710843
"rep9_fold9",0.499545652725656,0.478789857760468,0.505176281234052,0.477181586187533,0.474137959969182
"rep9_fold10",0.458992571395234,0.420811700956265,0.423569407707993,0.412153071166572,0.422456175149176
"rep10_fold1",0.572783810608631,0.540474407835747,0.536450357047913,0.549979862779223,0.538939159305065
"rep10_fold2",0.451264517818413,0.444473088907985,0.438389421729797,0.453737566804043,0.45146020223803
"rep10_fold3",0.475761248040142,0.406251834108695,0.434840911727737,0.421816721910509,0.41385803336949
"rep10_fold4",0.435007134423377,0.401093179546912,0.387531024171599,0.407230499259141,0.396612995870636
"rep10_fold5",0.44055525367641,0.387147995337784,0.378873031689343,0.382203225690157,0.393934653271536
"rep10_fold6",0.495848356731504,0.456125390316394,0.448206960543598,0.448492402525121,0.442612822054408
"rep10_fold7",0.506635517396692,0.465902562548514,0.491130404399965,0.458088008397058,0.469358133304148
"rep10_fold8",0.452195430235234,0.414135924341102,0.44168280673102,0.414834050257494,0.425574205710843
"rep10_fold9",0.499545652725656,0.478789857760468,0.505176281234052,0.477181586187533,0.474137959969182
"rep10_fold10",0.458992571395234,0.420811700956265,0.423569407707993,0.412153071166572,0.422456175149176
