"","Smearing_N*1_palt=0.25","Smearing_N*5_palt=0.25","Smearing_N*1_palt=0.5","Smearing_N*5_palt=0.5"
"rep1_fold1",45,33,39,26
"rep1_fold2",49,29,48,30
"rep1_fold3",56,42,35,26
"rep1_fold4",46,38,46,38
"rep1_fold5",47,37,44,35
"rep1_fold6",48,38,37,40
"rep1_fold7",47,42,43,43
"rep1_fold8",53,41,49,34
"rep1_fold9",44,40,33,27
"rep1_fold10",54,36,37,31
"rep2_fold1",41,37,38,34
"rep2_fold2",49,42,38,34
"rep2_fold3",48,47,39,45
"rep2_fold4",44,42,36,40
"rep2_fold5",52,39,46,33
"rep2_fold6",52,33,33,25
"rep2_fold7",46,39,38,40
"rep2_fold8",51,52,31,33
"rep2_fold9",54,41,39,26
"rep2_fold10",45,35,40,31
"rep3_fold1",41,37,38,34
"rep3_fold2",49,42,38,34
"rep3_fold3",48,47,39,45
"rep3_fold4",44,42,36,40
"rep3_fold5",52,39,46,33
"rep3_fold6",52,33,33,25
"rep3_fold7",46,39,38,40
"rep3_fold8",51,52,31,33
"rep3_fold9",54,41,39,26
"rep3_fold10",45,35,40,31
"rep4_fold1",41,37,38,34
"rep4_fold2",49,42,38,34
"rep4_fold3",48,47,39,45
"rep4_fold4",44,42,36,40
"rep4_fold5",52,39,46,33
"rep4_fold6",52,33,33,25
"rep4_fold7",46,39,38,40
"rep4_fold8",51,52,31,33
"rep4_fold9",54,41,39,26
"rep4_fold10",45,35,40,31
"rep5_fold1",41,37,38,34
"rep5_fold2",49,42,38,34
"rep5_fold3",48,47,39,45
"rep5_fold4",44,42,36,40
"rep5_fold5",52,39,46,33
"rep5_fold6",52,33,33,25
"rep5_fold7",46,39,38,40
"rep5_fold8",51,52,31,33
"rep5_fold9",54,41,39,26
"rep5_fold10",45,35,40,31
"rep6_fold1",41,37,38,34
"rep6_fold2",49,42,38,34
"rep6_fold3",48,47,39,45
"rep6_fold4",44,42,36,40
"rep6_fold5",52,39,46,33
"rep6_fold6",52,33,33,25
"rep6_fold7",46,39,38,40
"rep6_fold8",51,52,31,33
"rep6_fold9",54,41,39,26
"rep6_fold10",45,35,40,31
"rep7_fold1",41,37,38,34
"rep7_fold2",49,42,38,34
"rep7_fold3",48,47,39,45
"rep7_fold4",44,42,36,40
"rep7_fold5",52,39,46,33
"rep7_fold6",52,33,33,25
"rep7_fold7",46,39,38,40
"rep7_fold8",51,52,31,33
"rep7_fold9",54,41,39,26
"rep7_fold10",45,35,40,31
"rep8_fold1",40,37,38,34
"rep8_fold2",49,42,38,34
"rep8_fold3",48,47,39,45
"rep8_fold4",44,42,36,40
"rep8_fold5",52,39,46,33
"rep8_fold6",52,33,33,25
"rep8_fold7",46,39,38,40
"rep8_fold8",51,52,31,33
"rep8_fold9",54,41,39,26
"rep8_fold10",45,35,40,31
"rep9_fold1",41,37,38,34
"rep9_fold2",49,42,38,34
"rep9_fold3",48,47,39,45
"rep9_fold4",44,42,36,40
"rep9_fold5",52,39,46,33
"rep9_fold6",52,33,33,25
"rep9_fold7",46,39,38,40
"rep9_fold8",51,52,31,33
"rep9_fold9",54,41,39,26
"rep9_fold10",45,35,40,31
"rep10_fold1",41,37,38,34
"rep10_fold2",49,42,38,34
"rep10_fold3",48,47,39,45
"rep10_fold4",44,42,36,40
"rep10_fold5",52,39,46,33
"rep10_fold6",52,33,33,25
"rep10_fold7",46,39,38,40
"rep10_fold8",51,52,31,33
"rep10_fold9",54,41,39,26
"rep10_fold10",45,35,40,31
