"","GLMM_tree","Bart","BA","BaBart_N*1","BaBart_N*5","BaBart_N*10","Smearing_N*1_palt=0","Smearing_N*5_palt=0","Smearing_N*10_palt=0","Smearing_N*1_palt=0.25","Smearing_N*5_palt=0.25","Smearing_N*10_palt=0.25","Smearing_N*1_palt=0.5","Smearing_N*5_palt=0.5","Smearing_N*10_palt=0.5","BaBart_N*5_Nw","BaBart_N*10_Nw","Smearing_N*5_palt=0_Nw","Smearing_N*10_palt=0_Nw","Smearing_N*5_palt=0.25_Nw","Smearing_N*10_palt=0.25_Nw","Smearing_N*5_palt=0.5_Nw","Smearing_N*10_palt=0.5_Nw"
"1",0.245712440049315,0.230369056824216,NA,0.24432055340754,0.240652178924476,0.219267001834349,0.23875305463927,0.251931968510793,0.253788759617356,0.239307383722849,0.24127406500614,0.249394496191274,0.242294137558253,0.248007171958721,0.24954718199593,NA,NA,NA,NA,NA,NA,NA,NA
"2",0.24326354324886,0.217673624061546,NA,0.230593462946142,0.22651423447049,0.228649230161785,0.22087105390418,0.26227904064648,0.273105556084251,0.235800174991963,0.258231290297471,0.262351732401483,0.259766109557243,0.258751101681168,0.259437741491289,NA,NA,NA,NA,NA,NA,NA,NA
"3",0.199049938872301,0.201814993152656,NA,0.188421366557559,0.199826993670381,0.217918759314967,0.203823137716064,0.199512856575008,0.238940770179407,0.218283003329828,0.227738480685796,0.236101790083522,0.219682037226733,0.229845077620792,0.235445997664365,NA,NA,NA,NA,NA,NA,NA,NA
"4",0.157499803074783,0.156391060779444,NA,0.164114510605892,0.182822855178946,0.169150133120837,0.161211764353283,0.181647243164776,0.176707502715753,0.162396017050362,0.167183814109925,0.174406396626294,0.17574340491936,0.174110945466821,0.175594019292209,NA,NA,NA,NA,NA,NA,NA,NA
"5",0.215396938771702,0.198941926592964,NA,0.21521958385618,0.218296340323058,0.203106107540419,0.206979292022164,0.262333353341337,0.260844966740847,0.244647519003903,0.249330935611249,0.261690013247347,0.240654447714683,0.25399239738434,0.259282188470291,NA,NA,NA,NA,NA,NA,NA,NA
"6",0.199382427672945,0.205100055045265,NA,0.189825524038531,0.192891866119978,0.1952789617501,0.205430547178915,0.194137483139891,0.197838666655774,0.185785748429446,0.19246366337821,0.193585899428791,0.201379176442409,0.198749238074273,0.198886626799346,NA,NA,NA,NA,NA,NA,NA,NA
"7",0.211361074375676,0.208756917013886,NA,0.212082297132721,0.209493844701515,0.227797539393835,0.204817132545663,0.229757226769116,0.250666468968292,0.226558368493913,0.243292073973717,0.242066857154323,0.250597627912258,0.237181855326826,0.243906415432345,NA,NA,NA,NA,NA,NA,NA,NA
"8",0.265664770119627,0.245748787342344,NA,0.265861572731499,0.254014215910526,0.258228503799283,0.262680988607835,0.302599825010548,0.266033289309236,0.251220406645143,0.269837692219515,0.264903571054546,0.256297277933122,0.268518849090471,0.260892028639058,NA,NA,NA,NA,NA,NA,NA,NA
"9",0.198598995038754,0.173258333570349,NA,0.183321003742997,0.182753652070739,0.175180280420828,0.191759187278991,0.210567844907019,0.236908005086598,0.200718971501754,0.221862634653082,0.227312113230804,0.225479746267255,0.230835656011014,0.228122482062273,NA,NA,NA,NA,NA,NA,NA,NA
"10",0.154754342153193,0.144057705548209,NA,0.144101613809129,0.149111671503686,0.14720376832922,0.156632058484004,0.16176841642413,0.156636497132466,0.155206913409378,0.152187777546145,0.155113408969684,0.1510927792097,0.153800455942123,0.151606904487316,NA,NA,NA,NA,NA,NA,NA,NA
"11",0.216750875799403,0.205333665312324,NA,0.204846416012586,0.220721315582067,0.21928387332589,0.209431239712358,0.235057293159083,0.252654646697228,0.226415129722312,0.245710352241881,0.252889738420571,0.231992873840151,0.244275308046232,0.245213115166298,NA,NA,NA,NA,NA,NA,NA,NA
"12",0.204259622903549,0.195767412053969,NA,0.201066064591401,0.195217358869895,0.237110420864855,0.211528924455169,0.252642866014648,0.236474777777778,0.217903096462083,0.228162324650785,0.230166368203938,0.226430188883698,0.227837215849366,0.229427797252474,NA,NA,NA,NA,NA,NA,NA,NA
"13",0.252392522628335,0.235761744889981,NA,0.248203243626394,0.235798224023673,0.23038342319503,0.242836432780343,0.251357461144123,0.247095627256523,0.23642387055483,0.239675678039018,0.247503141205597,0.254273488601213,0.247940999931477,0.244500267309929,NA,NA,NA,NA,NA,NA,NA,NA
"14",0.21091897950602,0.211115668418808,NA,0.20437975060763,0.208076044701608,0.215215945531256,0.221161338274168,0.240509007206741,0.245052722772277,0.22133694502781,0.224782904847423,0.236021750347422,0.233042834535252,0.219175448383458,0.229107573895125,NA,NA,NA,NA,NA,NA,NA,NA
"15",0.209553873275552,0.188606351408049,NA,0.192054427471591,0.211026694819282,0.174977340086555,0.201202616216193,0.221059001404702,0.21812179238583,0.196543534325512,0.208076443414249,0.211602722443155,0.204592943669696,0.214956380411506,0.219546999511324,NA,NA,NA,NA,NA,NA,NA,NA
"16",0.215013693533656,0.203011659284378,NA,0.208289543678525,0.220592383117817,0.225503383500228,0.210165064137867,0.238528085148246,0.251490774265392,0.233045759529957,0.243111463709277,0.245263276653833,0.233321603986772,0.254118901498928,0.245233722364797,NA,NA,NA,NA,NA,NA,NA,NA
"17",0.18680419573798,0.179351167177443,NA,0.170685512653517,0.181010498161415,0.185366779941349,0.193180657335427,0.186144547744093,0.204166164070564,0.188544165215424,0.198543243347647,0.198715094538007,0.190877769705172,0.202974179380628,0.207011453112445,NA,NA,NA,NA,NA,NA,NA,NA
"18",0.178196826627224,0.166853974794992,NA,0.174746416212853,0.177295659691033,0.202720127668658,0.184959318319024,0.203941804180418,0.203154568214428,0.188517564566604,0.199478339117593,0.201475391426768,0.198236223494928,0.197893866952401,0.199863195912555,NA,NA,NA,NA,NA,NA,NA,NA
"19",0.201033045757838,0.198203983347619,NA,0.20594256475852,0.202763060876943,0.205221477510915,0.203512578753779,0.230891410476127,0.220936504227458,0.217143523294359,0.214074094323427,0.220895366000482,0.223473100764481,0.216626061935035,0.220727470885263,NA,NA,NA,NA,NA,NA,NA,NA
"20",0.190256300787881,0.187386624078354,NA,0.193225078527856,0.187879961297398,0.22926203642747,0.192286554911626,0.199332644230702,0.241077938743253,0.20891508544492,0.217731048113933,0.226961493353835,0.210466903953942,0.225444459535959,0.227764180565145,NA,NA,NA,NA,NA,NA,NA,NA
"21",0.216750875799403,0.205333665312324,NA,0.204846416012586,0.220721315582067,0.21928387332589,0.209431239712358,0.235057293159083,0.252654646697228,0.226415129722312,0.245710352241881,0.252889738420571,0.231992873840151,0.244275308046232,0.245213115166298,NA,NA,NA,NA,NA,NA,NA,NA
"22",0.204259622903549,0.195767412053969,NA,0.201066064591401,0.195217358869895,0.237110420864855,0.211528924455169,0.252642866014648,0.236474777777778,0.217903096462083,0.228162324650785,0.230166368203938,0.226430188883698,0.227837215849366,0.229427797252474,NA,NA,NA,NA,NA,NA,NA,NA
"23",0.252392522628335,0.235761744889981,NA,0.248203243626394,0.235798224023673,0.23038342319503,0.242836432780343,0.251357461144123,0.247095627256523,0.23642387055483,0.239675678039018,0.247503141205597,0.254273488601213,0.247940999931477,0.244500267309929,NA,NA,NA,NA,NA,NA,NA,NA
"24",0.21091897950602,0.211115668418808,NA,0.20437975060763,0.208076044701608,0.215215945531256,0.221161338274168,0.240509007206741,0.245052722772277,0.22133694502781,0.224782904847423,0.236021750347422,0.233042834535252,0.219175448383458,0.229107573895125,NA,NA,NA,NA,NA,NA,NA,NA
"25",0.209553873275552,0.188606351408049,NA,0.192054427471591,0.211026694819282,0.174977340086555,0.201202616216193,0.221059001404702,0.21812179238583,0.196543534325512,0.208076443414249,0.211602722443155,0.204592943669696,0.214956380411506,0.219546999511324,NA,NA,NA,NA,NA,NA,NA,NA
"26",0.215013693533656,0.203011659284378,NA,0.208289543678525,0.220592383117817,0.225503383500228,0.210165064137867,0.238528085148246,0.251490774265392,0.233045759529957,0.243111463709277,0.245263276653833,0.233321603986772,0.254118901498928,0.245233722364797,NA,NA,NA,NA,NA,NA,NA,NA
"27",0.18680419573798,0.179351167177443,NA,0.170685512653517,0.181010498161415,0.185366779941349,0.193180657335427,0.186144547744093,0.204166164070564,0.188544165215424,0.198543243347647,0.198715094538007,0.190877769705172,0.202974179380628,0.207011453112445,NA,NA,NA,NA,NA,NA,NA,NA
"28",0.178196826627224,0.166853974794992,NA,0.174746416212853,0.177295659691033,0.202720127668658,0.184959318319024,0.203941804180418,0.203154568214428,0.188517564566604,0.199478339117593,0.201475391426768,0.198236223494928,0.197893866952401,0.199863195912555,NA,NA,NA,NA,NA,NA,NA,NA
"29",0.201033045757838,0.198203983347619,NA,0.20594256475852,0.202763060876943,0.205221477510915,0.203512578753779,0.230891410476127,0.220936504227458,0.217143523294359,0.214074094323427,0.220895366000482,0.223473100764481,0.216626061935035,0.220727470885263,NA,NA,NA,NA,NA,NA,NA,NA
"30",0.190256300787881,0.187386624078354,NA,0.193225078527856,0.187879961297398,0.22926203642747,0.192286554911626,0.199332644230702,0.241077938743253,0.20891508544492,0.217731048113933,0.226961493353835,0.210466903953942,0.225444459535959,0.227764180565145,NA,NA,NA,NA,NA,NA,NA,NA
"31",0.216750875799403,0.205333665312324,NA,0.204846416012586,0.220721315582067,0.21928387332589,0.209431239712358,0.235057293159083,0.252654646697228,0.226415129722312,0.245710352241881,0.252889738420571,0.231992873840151,0.244275308046232,0.245213115166298,NA,NA,NA,NA,NA,NA,NA,NA
"32",0.204259622903549,0.195767412053969,NA,0.201066064591401,0.195217358869895,0.237110420864855,0.211528924455169,0.252642866014648,0.236474777777778,0.217903096462083,0.228162324650785,0.230166368203938,0.226430188883698,0.227837215849366,0.229427797252474,NA,NA,NA,NA,NA,NA,NA,NA
"33",0.252392522628335,0.235761744889981,NA,0.248203243626394,0.235798224023673,0.23038342319503,0.242836432780343,0.251357461144123,0.247095627256523,0.23642387055483,0.239675678039018,0.247503141205597,0.254273488601213,0.247940999931477,0.244500267309929,NA,NA,NA,NA,NA,NA,NA,NA
"34",0.21091897950602,0.211115668418808,NA,0.20437975060763,0.208076044701608,0.215215945531256,0.221161338274168,0.240509007206741,0.245052722772277,0.22133694502781,0.224782904847423,0.236021750347422,0.233042834535252,0.219175448383458,0.229107573895125,NA,NA,NA,NA,NA,NA,NA,NA
"35",0.209553873275552,0.188606351408049,NA,0.192054427471591,0.211026694819282,0.174977340086555,0.201202616216193,0.221059001404702,0.21812179238583,0.196543534325512,0.208076443414249,0.211602722443155,0.204592943669696,0.214956380411506,0.219546999511324,NA,NA,NA,NA,NA,NA,NA,NA
"36",0.215013693533656,0.203011659284378,NA,0.208289543678525,0.220592383117817,0.225503383500228,0.210165064137867,0.238528085148246,0.251490774265392,0.233045759529957,0.243111463709277,0.245263276653833,0.233321603986772,0.254118901498928,0.245233722364797,NA,NA,NA,NA,NA,NA,NA,NA
"37",0.18680419573798,0.179351167177443,NA,0.170685512653517,0.181010498161415,0.185366779941349,0.193180657335427,0.186144547744093,0.204166164070564,0.188544165215424,0.198543243347647,0.198715094538007,0.190877769705172,0.202974179380628,0.207011453112445,NA,NA,NA,NA,NA,NA,NA,NA
"38",0.178196826627224,0.166853974794992,NA,0.174746416212853,0.177295659691033,0.202720127668658,0.184959318319024,0.203941804180418,0.203154568214428,0.188517564566604,0.199478339117593,0.201475391426768,0.198236223494928,0.197893866952401,0.199863195912555,NA,NA,NA,NA,NA,NA,NA,NA
"39",0.201033045757838,0.198203983347619,NA,0.20594256475852,0.202763060876943,0.205221477510915,0.203512578753779,0.230891410476127,0.220936504227458,0.217143523294359,0.214074094323427,0.220895366000482,0.223473100764481,0.216626061935035,0.220727470885263,NA,NA,NA,NA,NA,NA,NA,NA
"40",0.190256300787881,0.187386624078354,NA,0.193225078527856,0.187879961297398,0.22926203642747,0.192286554911626,0.199332644230702,0.241077938743253,0.20891508544492,0.217731048113933,0.226961493353835,0.210466903953942,0.225444459535959,0.227764180565145,NA,NA,NA,NA,NA,NA,NA,NA
"41",0.216750875799403,0.205333665312324,NA,0.204846416012586,0.220721315582067,0.21928387332589,0.209431239712358,0.235057293159083,0.252654646697228,0.226415129722312,0.245710352241881,0.252889738420571,0.231992873840151,0.244275308046232,0.245213115166298,NA,NA,NA,NA,NA,NA,NA,NA
"42",0.204259622903549,0.195767412053969,NA,0.201066064591401,0.195217358869895,0.237110420864855,0.211528924455169,0.252642866014648,0.236474777777778,0.217903096462083,0.228162324650785,0.230166368203938,0.226430188883698,0.227837215849366,0.229427797252474,NA,NA,NA,NA,NA,NA,NA,NA
"43",0.252392522628335,0.235761744889981,NA,0.248203243626394,0.235798224023673,0.23038342319503,0.242836432780343,0.251357461144123,0.247095627256523,0.23642387055483,0.239675678039018,0.247503141205597,0.254273488601213,0.247940999931477,0.244500267309929,NA,NA,NA,NA,NA,NA,NA,NA
"44",0.21091897950602,0.211115668418808,NA,0.20437975060763,0.208076044701608,0.215215945531256,0.221161338274168,0.240509007206741,0.245052722772277,0.22133694502781,0.224782904847423,0.236021750347422,0.233042834535252,0.219175448383458,0.229107573895125,NA,NA,NA,NA,NA,NA,NA,NA
"45",0.209553873275552,0.188606351408049,NA,0.192054427471591,0.211026694819282,0.174977340086555,0.201202616216193,0.221059001404702,0.21812179238583,0.196543534325512,0.208076443414249,0.211602722443155,0.204592943669696,0.214956380411506,0.219546999511324,NA,NA,NA,NA,NA,NA,NA,NA
"46",0.215013693533656,0.203011659284378,NA,0.208289543678525,0.220592383117817,0.225503383500228,0.210165064137867,0.238528085148246,0.251490774265392,0.233045759529957,0.243111463709277,0.245263276653833,0.233321603986772,0.254118901498928,0.245233722364797,NA,NA,NA,NA,NA,NA,NA,NA
"47",0.18680419573798,0.179351167177443,NA,0.170685512653517,0.181010498161415,0.185366779941349,0.193180657335427,0.186144547744093,0.204166164070564,0.188544165215424,0.198543243347647,0.198715094538007,0.190877769705172,0.202974179380628,0.207011453112445,NA,NA,NA,NA,NA,NA,NA,NA
"48",0.178196826627224,0.166853974794992,NA,0.174746416212853,0.177295659691033,0.202720127668658,0.184959318319024,0.203941804180418,0.203154568214428,0.188517564566604,0.199478339117593,0.201475391426768,0.198236223494928,0.197893866952401,0.199863195912555,NA,NA,NA,NA,NA,NA,NA,NA
"49",0.201033045757838,0.198203983347619,NA,0.20594256475852,0.202763060876943,0.205221477510915,0.203512578753779,0.230891410476127,0.220936504227458,0.217143523294359,0.214074094323427,0.220895366000482,0.223473100764481,0.216626061935035,0.220727470885263,NA,NA,NA,NA,NA,NA,NA,NA
"50",0.190256300787881,0.187386624078354,NA,0.193225078527856,0.187879961297398,0.22926203642747,0.192286554911626,0.199332644230702,0.241077938743253,0.20891508544492,0.217731048113933,0.226961493353835,0.210466903953942,0.225444459535959,0.227764180565145,NA,NA,NA,NA,NA,NA,NA,NA
"51",0.216750875799403,0.205333665312324,NA,0.204846416012586,0.220721315582067,0.21928387332589,0.209431239712358,0.235057293159083,0.252654646697228,0.226415129722312,0.245710352241881,0.252889738420571,0.231992873840151,0.244275308046232,0.245213115166298,NA,NA,NA,NA,NA,NA,NA,NA
"52",0.204259622903549,0.195767412053969,NA,0.201066064591401,0.195217358869895,0.237110420864855,0.211528924455169,0.252642866014648,0.236474777777778,0.217903096462083,0.228162324650785,0.230166368203938,0.226430188883698,0.227837215849366,0.229427797252474,NA,NA,NA,NA,NA,NA,NA,NA
"53",0.252392522628335,0.235761744889981,NA,0.248203243626394,0.235798224023673,0.23038342319503,0.242836432780343,0.251357461144123,0.247095627256523,0.23642387055483,0.239675678039018,0.247503141205597,0.254273488601213,0.247940999931477,0.244500267309929,NA,NA,NA,NA,NA,NA,NA,NA
"54",0.21091897950602,0.211115668418808,NA,0.20437975060763,0.208076044701608,0.215215945531256,0.221161338274168,0.240509007206741,0.245052722772277,0.22133694502781,0.224782904847423,0.236021750347422,0.233042834535252,0.219175448383458,0.229107573895125,NA,NA,NA,NA,NA,NA,NA,NA
"55",0.209553873275552,0.188606351408049,NA,0.192054427471591,0.211026694819282,0.174977340086555,0.201202616216193,0.221059001404702,0.21812179238583,0.196543534325512,0.208076443414249,0.211602722443155,0.204592943669696,0.214956380411506,0.219546999511324,NA,NA,NA,NA,NA,NA,NA,NA
"56",0.215013693533656,0.203011659284378,NA,0.208289543678525,0.220592383117817,0.225503383500228,0.210165064137867,0.238528085148246,0.251490774265392,0.233045759529957,0.243111463709277,0.245263276653833,0.233321603986772,0.254118901498928,0.245233722364797,NA,NA,NA,NA,NA,NA,NA,NA
"57",0.18680419573798,0.179351167177443,NA,0.170685512653517,0.181010498161415,0.185366779941349,0.193180657335427,0.186144547744093,0.204166164070564,0.188544165215424,0.198543243347647,0.198715094538007,0.190877769705172,0.202974179380628,0.207011453112445,NA,NA,NA,NA,NA,NA,NA,NA
"58",0.178196826627224,0.166853974794992,NA,0.174746416212853,0.177295659691033,0.202720127668658,0.184959318319024,0.203941804180418,0.203154568214428,0.188517564566604,0.199478339117593,0.201475391426768,0.198236223494928,0.197893866952401,0.199863195912555,NA,NA,NA,NA,NA,NA,NA,NA
"59",0.201033045757838,0.198203983347619,NA,0.20594256475852,0.202763060876943,0.205221477510915,0.203512578753779,0.230891410476127,0.220936504227458,0.217143523294359,0.214074094323427,0.220895366000482,0.223473100764481,0.216626061935035,0.220727470885263,NA,NA,NA,NA,NA,NA,NA,NA
"60",0.190256300787881,0.187386624078354,NA,0.193225078527856,0.187879961297398,0.22926203642747,0.192286554911626,0.199332644230702,0.241077938743253,0.20891508544492,0.217731048113933,0.226961493353835,0.210466903953942,0.225444459535959,0.227764180565145,NA,NA,NA,NA,NA,NA,NA,NA
"61",0.216750875799403,0.205333665312324,NA,0.204846416012586,0.220721315582067,0.21928387332589,0.209431239712358,0.235057293159083,0.252654646697228,0.226415129722312,0.245710352241881,0.252889738420571,0.231992873840151,0.244275308046232,0.245213115166298,NA,NA,NA,NA,NA,NA,NA,NA
"62",0.204259622903549,0.195767412053969,NA,0.201066064591401,0.195217358869895,0.237110420864855,0.211528924455169,0.252642866014648,0.236474777777778,0.217903096462083,0.228162324650785,0.230166368203938,0.226430188883698,0.227837215849366,0.229427797252474,NA,NA,NA,NA,NA,NA,NA,NA
"63",0.252392522628335,0.235761744889981,NA,0.248203243626394,0.235798224023673,0.23038342319503,0.242836432780343,0.251357461144123,0.247095627256523,0.23642387055483,0.239675678039018,0.247503141205597,0.254273488601213,0.247940999931477,0.244500267309929,NA,NA,NA,NA,NA,NA,NA,NA
"64",0.21091897950602,0.211115668418808,NA,0.20437975060763,0.208076044701608,0.215215945531256,0.221161338274168,0.240509007206741,0.245052722772277,0.22133694502781,0.224782904847423,0.236021750347422,0.233042834535252,0.219175448383458,0.229107573895125,NA,NA,NA,NA,NA,NA,NA,NA
"65",0.209553873275552,0.188606351408049,NA,0.192054427471591,0.211026694819282,0.174977340086555,0.201202616216193,0.221059001404702,0.21812179238583,0.196543534325512,0.208076443414249,0.211602722443155,0.204592943669696,0.214956380411506,0.219546999511324,NA,NA,NA,NA,NA,NA,NA,NA
"66",0.215013693533656,0.203011659284378,NA,0.208289543678525,0.220592383117817,0.225503383500228,0.210165064137867,0.238528085148246,0.251490774265392,0.233045759529957,0.243111463709277,0.245263276653833,0.233321603986772,0.254118901498928,0.245233722364797,NA,NA,NA,NA,NA,NA,NA,NA
"67",0.18680419573798,0.179351167177443,NA,0.170685512653517,0.181010498161415,0.185366779941349,0.193180657335427,0.186144547744093,0.204166164070564,0.188544165215424,0.198543243347647,0.198715094538007,0.190877769705172,0.202974179380628,0.207011453112445,NA,NA,NA,NA,NA,NA,NA,NA
"68",0.178196826627224,0.166853974794992,NA,0.174746416212853,0.177295659691033,0.202720127668658,0.184959318319024,0.203941804180418,0.203154568214428,0.188517564566604,0.199478339117593,0.201475391426768,0.198236223494928,0.197893866952401,0.199863195912555,NA,NA,NA,NA,NA,NA,NA,NA
"69",0.201033045757838,0.198203983347619,NA,0.20594256475852,0.202763060876943,0.205221477510915,0.203512578753779,0.230891410476127,0.220936504227458,0.217143523294359,0.214074094323427,0.220895366000482,0.223473100764481,0.216626061935035,0.220727470885263,NA,NA,NA,NA,NA,NA,NA,NA
"70",0.190256300787881,0.187386624078354,NA,0.193225078527856,0.187879961297398,0.22926203642747,0.192286554911626,0.199332644230702,0.241077938743253,0.20891508544492,0.217731048113933,0.226961493353835,0.210466903953942,0.225444459535959,0.227764180565145,NA,NA,NA,NA,NA,NA,NA,NA
"71",0.216750875799403,0.205333665312324,NA,0.204846416012586,0.220721315582067,0.21928387332589,0.209431239712358,0.235057293159083,0.252654646697228,0.226415129722312,0.245710352241881,0.252889738420571,0.231992873840151,0.244275308046232,0.245213115166298,NA,NA,NA,NA,NA,NA,NA,NA
"72",0.204259622903549,0.195767412053969,NA,0.201066064591401,0.195217358869895,0.237110420864855,0.211528924455169,0.252642866014648,0.236474777777778,0.217903096462083,0.228162324650785,0.230166368203938,0.226430188883698,0.227837215849366,0.229427797252474,NA,NA,NA,NA,NA,NA,NA,NA
"73",0.252392522628335,0.235761744889981,NA,0.248203243626394,0.235798224023673,0.23038342319503,0.242836432780343,0.251357461144123,0.247095627256523,0.23642387055483,0.239675678039018,0.247503141205597,0.254273488601213,0.247940999931477,0.244500267309929,NA,NA,NA,NA,NA,NA,NA,NA
"74",0.21091897950602,0.211115668418808,NA,0.20437975060763,0.208076044701608,0.215215945531256,0.221161338274168,0.240509007206741,0.245052722772277,0.22133694502781,0.224782904847423,0.236021750347422,0.233042834535252,0.219175448383458,0.229107573895125,NA,NA,NA,NA,NA,NA,NA,NA
"75",0.209553873275552,0.188606351408049,NA,0.192054427471591,0.211026694819282,0.174977340086555,0.201202616216193,0.221059001404702,0.21812179238583,0.196543534325512,0.208076443414249,0.211602722443155,0.204592943669696,0.214956380411506,0.219546999511324,NA,NA,NA,NA,NA,NA,NA,NA
"76",0.215013693533656,0.203011659284378,NA,0.208289543678525,0.220592383117817,0.225503383500228,0.210165064137867,0.238528085148246,0.251490774265392,0.233045759529957,0.243111463709277,0.245263276653833,0.233321603986772,0.254118901498928,0.245233722364797,NA,NA,NA,NA,NA,NA,NA,NA
"77",0.18680419573798,0.179351167177443,NA,0.170685512653517,0.181010498161415,0.185366779941349,0.193180657335427,0.186144547744093,0.204166164070564,0.188544165215424,0.198543243347647,0.198715094538007,0.190877769705172,0.202974179380628,0.207011453112445,NA,NA,NA,NA,NA,NA,NA,NA
"78",0.178196826627224,0.166853974794992,NA,0.174746416212853,0.177295659691033,0.202720127668658,0.184959318319024,0.203941804180418,0.203154568214428,0.188517564566604,0.199478339117593,0.201475391426768,0.198236223494928,0.197893866952401,0.199863195912555,NA,NA,NA,NA,NA,NA,NA,NA
"79",0.201033045757838,0.198203983347619,NA,0.20594256475852,0.202763060876943,0.205221477510915,0.203512578753779,0.230891410476127,0.220936504227458,0.217143523294359,0.214074094323427,0.220895366000482,0.223473100764481,0.216626061935035,0.220727470885263,NA,NA,NA,NA,NA,NA,NA,NA
"80",0.190256300787881,0.187386624078354,NA,0.193225078527856,0.187879961297398,0.22926203642747,0.192286554911626,0.199332644230702,0.241077938743253,0.20891508544492,0.217731048113933,0.226961493353835,0.210466903953942,0.225444459535959,0.227764180565145,NA,NA,NA,NA,NA,NA,NA,NA
"81",0.216750875799403,0.205333665312324,NA,0.204846416012586,0.220721315582067,0.21928387332589,0.209431239712358,0.235057293159083,0.252654646697228,0.226415129722312,0.245710352241881,0.252889738420571,0.231992873840151,0.244275308046232,0.245213115166298,NA,NA,NA,NA,NA,NA,NA,NA
"82",0.204259622903549,0.195767412053969,NA,0.201066064591401,0.195217358869895,0.237110420864855,0.211528924455169,0.252642866014648,0.236474777777778,0.217903096462083,0.228162324650785,0.230166368203938,0.226430188883698,0.227837215849366,0.229427797252474,NA,NA,NA,NA,NA,NA,NA,NA
"83",0.252392522628335,0.235761744889981,NA,0.248203243626394,0.235798224023673,0.23038342319503,0.242836432780343,0.251357461144123,0.247095627256523,0.23642387055483,0.239675678039018,0.247503141205597,0.254273488601213,0.247940999931477,0.244500267309929,NA,NA,NA,NA,NA,NA,NA,NA
"84",0.21091897950602,0.211115668418808,NA,0.20437975060763,0.208076044701608,0.215215945531256,0.221161338274168,0.240509007206741,0.245052722772277,0.22133694502781,0.224782904847423,0.236021750347422,0.233042834535252,0.219175448383458,0.229107573895125,NA,NA,NA,NA,NA,NA,NA,NA
"85",0.209553873275552,0.188606351408049,NA,0.192054427471591,0.211026694819282,0.174977340086555,0.201202616216193,0.221059001404702,0.21812179238583,0.196543534325512,0.208076443414249,0.211602722443155,0.204592943669696,0.214956380411506,0.219546999511324,NA,NA,NA,NA,NA,NA,NA,NA
"86",0.215013693533656,0.203011659284378,NA,0.208289543678525,0.220592383117817,0.225503383500228,0.210165064137867,0.238528085148246,0.251490774265392,0.233045759529957,0.243111463709277,0.245263276653833,0.233321603986772,0.254118901498928,0.245233722364797,NA,NA,NA,NA,NA,NA,NA,NA
"87",0.18680419573798,0.179351167177443,NA,0.170685512653517,0.181010498161415,0.185366779941349,0.193180657335427,0.186144547744093,0.204166164070564,0.188544165215424,0.198543243347647,0.198715094538007,0.190877769705172,0.202974179380628,0.207011453112445,NA,NA,NA,NA,NA,NA,NA,NA
"88",0.178196826627224,0.166853974794992,NA,0.174746416212853,0.177295659691033,0.202720127668658,0.184959318319024,0.203941804180418,0.203154568214428,0.188517564566604,0.199478339117593,0.201475391426768,0.198236223494928,0.197893866952401,0.199863195912555,NA,NA,NA,NA,NA,NA,NA,NA
"89",0.201033045757838,0.198203983347619,NA,0.20594256475852,0.202763060876943,0.205221477510915,0.203512578753779,0.230891410476127,0.220936504227458,0.217143523294359,0.214074094323427,0.220895366000482,0.223473100764481,0.216626061935035,0.220727470885263,NA,NA,NA,NA,NA,NA,NA,NA
"90",0.190256300787881,0.187386624078354,NA,0.193225078527856,0.187879961297398,0.22926203642747,0.192286554911626,0.199332644230702,0.241077938743253,0.20891508544492,0.217731048113933,0.226961493353835,0.210466903953942,0.225444459535959,0.227764180565145,NA,NA,NA,NA,NA,NA,NA,NA
"91",0.216750875799403,0.205333665312324,NA,0.204846416012586,0.220721315582067,0.21928387332589,0.209431239712358,0.235057293159083,0.252654646697228,0.226415129722312,0.245710352241881,0.252889738420571,0.231992873840151,0.244275308046232,0.245213115166298,NA,NA,NA,NA,NA,NA,NA,NA
"92",0.204259622903549,0.195767412053969,NA,0.201066064591401,0.195217358869895,0.237110420864855,0.211528924455169,0.252642866014648,0.236474777777778,0.217903096462083,0.228162324650785,0.230166368203938,0.226430188883698,0.227837215849366,0.229427797252474,NA,NA,NA,NA,NA,NA,NA,NA
"93",0.252392522628335,0.235761744889981,NA,0.248203243626394,0.235798224023673,0.23038342319503,0.242836432780343,0.251357461144123,0.247095627256523,0.23642387055483,0.239675678039018,0.247503141205597,0.254273488601213,0.247940999931477,0.244500267309929,NA,NA,NA,NA,NA,NA,NA,NA
"94",0.21091897950602,0.211115668418808,NA,0.20437975060763,0.208076044701608,0.215215945531256,0.221161338274168,0.240509007206741,0.245052722772277,0.22133694502781,0.224782904847423,0.236021750347422,0.233042834535252,0.219175448383458,0.229107573895125,NA,NA,NA,NA,NA,NA,NA,NA
"95",0.209553873275552,0.188606351408049,NA,0.192054427471591,0.211026694819282,0.174977340086555,0.201202616216193,0.221059001404702,0.21812179238583,0.196543534325512,0.208076443414249,0.211602722443155,0.204592943669696,0.214956380411506,0.219546999511324,NA,NA,NA,NA,NA,NA,NA,NA
"96",0.215013693533656,0.203011659284378,NA,0.208289543678525,0.220592383117817,0.225503383500228,0.210165064137867,0.238528085148246,0.251490774265392,0.233045759529957,0.243111463709277,0.245263276653833,0.233321603986772,0.254118901498928,0.245233722364797,NA,NA,NA,NA,NA,NA,NA,NA
"97",0.18680419573798,0.179351167177443,NA,0.170685512653517,0.181010498161415,0.185366779941349,0.193180657335427,0.186144547744093,0.204166164070564,0.188544165215424,0.198543243347647,0.198715094538007,0.190877769705172,0.202974179380628,0.207011453112445,NA,NA,NA,NA,NA,NA,NA,NA
"98",0.178196826627224,0.166853974794992,NA,0.174746416212853,0.177295659691033,0.202720127668658,0.184959318319024,0.203941804180418,0.203154568214428,0.188517564566604,0.199478339117593,0.201475391426768,0.198236223494928,0.197893866952401,0.199863195912555,NA,NA,NA,NA,NA,NA,NA,NA
"99",0.201033045757838,0.198203983347619,NA,0.20594256475852,0.202763060876943,0.205221477510915,0.203512578753779,0.230891410476127,0.220936504227458,0.217143523294359,0.214074094323427,0.220895366000482,0.223473100764481,0.216626061935035,0.220727470885263,NA,NA,NA,NA,NA,NA,NA,NA
"100",0.190256300787881,0.187386624078354,NA,0.193225078527856,0.187879961297398,0.22926203642747,0.192286554911626,0.199332644230702,0.241077938743253,0.20891508544492,0.217731048113933,0.226961493353835,0.210466903953942,0.225444459535959,0.227764180565145,NA,NA,NA,NA,NA,NA,NA,NA
