"","GLMM_tree","Bart","BA","BaBart_N*1","BaBart_N*5","BaBart_N*10","Smearing_N*1_palt=0","Smearing_N*5_palt=0","Smearing_N*10_palt=0","Smearing_N*1_palt=0.25","Smearing_N*5_palt=0.25","Smearing_N*10_palt=0.25","Smearing_N*1_palt=0.5","Smearing_N*5_palt=0.5","Smearing_N*10_palt=0.5","BaBart_N*5_Nw","BaBart_N*10_Nw","Smearing_N*5_palt=0_Nw","Smearing_N*10_palt=0_Nw","Smearing_N*5_palt=0.25_Nw","Smearing_N*10_palt=0.25_Nw","Smearing_N*5_palt=0.5_Nw","Smearing_N*10_palt=0.5_Nw"
"1",0.192459717034927,0.198791285659153,NA,0.198999238249953,0.206753810380504,0.207358329586246,0.20209613053735,0.205699379714876,0.205482749835991,0.201539920560476,0.199041030434037,0.200001272055156,0.200155619814769,0.20193588745651,0.198930791838308,NA,NA,NA,NA,NA,NA,NA,NA
"2",0.2173658855608,0.220549116858556,NA,0.222674024567925,0.224522977121269,0.22490537143743,0.223062711694889,0.224941844751185,0.22517222738333,0.224220548888776,0.225067273527447,0.222758776429549,0.221264158032743,0.221348639756233,0.22092533870679,NA,NA,NA,NA,NA,NA,NA,NA
"3",0.227509265231932,0.217250904951544,NA,0.217884408638898,0.2183061967216,0.219599405762403,0.217800474910953,0.22051294690751,0.219024420789309,0.21791002525615,0.220570337275114,0.218763402492218,0.219557022996656,0.21757476517279,0.218438571416804,NA,NA,NA,NA,NA,NA,NA,NA
"4",0.197006083228587,0.215594445726258,NA,0.219592966191927,0.220774043659474,0.221220856944416,0.218504706183041,0.217214883526182,0.221212029027124,0.216798498364657,0.21619798047491,0.215962133538782,0.213538053198257,0.215592223610373,0.214278888908964,NA,NA,NA,NA,NA,NA,NA,NA
"5",0.210952969887675,0.204500217254023,NA,0.205639985598712,0.211765252676948,0.212866632097343,0.211539086464084,0.211944423042541,0.211459137577345,0.208287857469337,0.208592370929973,0.205366340536459,0.207297811389451,0.208489996922181,0.209376731447799,NA,NA,NA,NA,NA,NA,NA,NA
"6",0.240213419999718,0.22416044307509,NA,0.227714354576982,0.230477658945692,0.230321459159004,0.226782976788232,0.228972218140889,0.230479746468729,0.225410684272957,0.225588458198373,0.22708323172815,0.225361117226509,0.226763488097886,0.224118232620231,NA,NA,NA,NA,NA,NA,NA,NA
"7",0.18058831145722,0.191364154763735,NA,0.189515979073127,0.200812936009944,0.19993855412023,0.197702501279123,0.198394693134558,0.192843846332508,0.193222614336825,0.194605991490905,0.1935960237098,0.190747561563443,0.194525556743883,0.193314358982515,NA,NA,NA,NA,NA,NA,NA,NA
"8",0.190137941971206,0.200216770683348,NA,0.203714353655745,0.199780399905907,0.205462052797242,0.201663362116362,0.197696320767042,0.200957128859416,0.20354234774941,0.201922716642368,0.202055107303653,0.203450274192694,0.200883270069611,0.201034366879922,NA,NA,NA,NA,NA,NA,NA,NA
"9",0.219701159965145,0.208813862423938,NA,0.211093458950216,0.21283664826509,0.210601081984885,0.210939670790301,0.210605652996453,0.21083092159639,0.208605210547979,0.208443534417148,0.20792613340272,0.207715652163803,0.208535349422064,0.208634824092914,NA,NA,NA,NA,NA,NA,NA,NA
"10",0.226047149558643,0.213901889058223,NA,0.21465405351214,0.213895471340029,0.216026361119894,0.216041732581103,0.214435746162351,0.214236525783077,0.217131144713724,0.214347903470659,0.213888418065754,0.215127149652348,0.214613842293614,0.213457185382114,NA,NA,NA,NA,NA,NA,NA,NA
"11",0.210810420766352,0.205255541812074,NA,0.209422358754322,0.208411353966972,0.210016789466987,0.210137894006184,0.213853948481925,0.213988722651573,0.208372599014766,0.211555099795032,0.209977422583895,0.208289520960874,0.211351765341105,0.212743107577439,NA,NA,NA,NA,NA,NA,NA,NA
"12",0.224733647355035,0.213417534185408,NA,0.217229689449173,0.219661582895956,0.220727639727062,0.220314042062492,0.219522759790065,0.219478317739197,0.213497833888572,0.214012301301408,0.214177650208589,0.214208787606262,0.213837829409223,0.21375089743134,NA,NA,NA,NA,NA,NA,NA,NA
"13",0.219296588536024,0.219421416257434,NA,0.221068755263976,0.219727069320985,0.219617670660291,0.217346750803636,0.218090123687101,0.219332093933461,0.216834964132651,0.218555614675125,0.220402207629966,0.219600504265922,0.217959192663392,0.218604382321586,NA,NA,NA,NA,NA,NA,NA,NA
"14",0.213414693391096,0.204616815266846,NA,0.206938337673538,0.211641169992253,0.209688127777612,0.207132988990188,0.207692639549062,0.207684028031276,0.207204277748936,0.20506897757695,0.205934898317616,0.205226043456274,0.205399625846005,0.206413762588169,NA,NA,NA,NA,NA,NA,NA,NA
"15",0.225748375049458,0.217023438627795,NA,0.22136644953845,0.234286097286454,0.234135378241348,0.232441156169626,0.2334570267864,0.232474743539527,0.223748318788898,0.224256763679092,0.223152828242787,0.22229593125237,0.221935616194838,0.221065193551008,NA,NA,NA,NA,NA,NA,NA,NA
"16",0.194257710582195,0.200787255697997,NA,0.202857314624838,0.2078575683565,0.203945554846056,0.202590530594391,0.206065442030466,0.203036049224398,0.203599281375727,0.203444849318974,0.204815430839867,0.202979034922124,0.204081560484975,0.205528614892066,NA,NA,NA,NA,NA,NA,NA,NA
"17",0.218536604472988,0.215643380280995,NA,0.222668507760869,0.21908349571326,0.219059834564757,0.218403141090623,0.218498210083355,0.218933829866566,0.219796143327163,0.217759379886523,0.217792149164597,0.219484293700713,0.216748307576554,0.217093785141205,NA,NA,NA,NA,NA,NA,NA,NA
"18",0.208795687040773,0.214859098426652,NA,0.216367940069427,0.21754290248372,0.217498875175842,0.217253355593176,0.216126968949367,0.216346751632148,0.212254013219601,0.213357715871327,0.213632253123897,0.212654207610728,0.212685775233195,0.212511923341934,NA,NA,NA,NA,NA,NA,NA,NA
"19",0.197352693060973,0.192012651902202,NA,0.196802126985902,0.203917528301088,0.203544637810856,0.192998685680842,0.202318464348674,0.202386582618075,0.194225280241792,0.195663930780286,0.194958173796873,0.195733461895351,0.197057957163823,0.197321222288867,NA,NA,NA,NA,NA,NA,NA,NA
"20",0.211691792415985,0.210511917255311,NA,0.20878654970746,0.207129563228178,0.208958565845214,0.210661470703893,0.212481124746657,0.208337564319991,0.209350554680793,0.20863382327455,0.208354548869552,0.207812076858211,0.209058799223016,0.208837819633093,NA,NA,NA,NA,NA,NA,NA,NA
"21",0.210810420766352,0.205255541812074,NA,0.209422358754322,0.208411353966972,0.210016789466987,0.210137894006184,0.213853948481925,0.213988722651573,0.208372599014766,0.211555099795032,0.209977422583895,0.208289520960874,0.211351765341105,0.212743107577439,NA,NA,NA,NA,NA,NA,NA,NA
"22",0.224733647355035,0.213417534185408,NA,0.217229689449173,0.219661582895956,0.220727639727062,0.220314042062492,0.219522759790065,0.219478317739197,0.213497833888572,0.214012301301408,0.214177650208589,0.214208787606262,0.213837829409223,0.21375089743134,NA,NA,NA,NA,NA,NA,NA,NA
"23",0.219296588536024,0.219421416257434,NA,0.221068755263976,0.219727069320985,0.219617670660291,0.217346750803636,0.218090123687101,0.219332093933461,0.216834964132651,0.218555614675125,0.220402207629966,0.219600504265922,0.217959192663392,0.218604382321586,NA,NA,NA,NA,NA,NA,NA,NA
"24",0.213414693391096,0.204616815266846,NA,0.206938337673538,0.211641169992253,0.209688127777612,0.207132988990188,0.207692639549062,0.207684028031276,0.207204277748936,0.20506897757695,0.205934898317616,0.205226043456274,0.205399625846005,0.206413762588169,NA,NA,NA,NA,NA,NA,NA,NA
"25",0.225748375049458,0.217023438627795,NA,0.22136644953845,0.234286097286454,0.234135378241348,0.232441156169626,0.2334570267864,0.232474743539527,0.223748318788898,0.224256763679092,0.223152828242787,0.22229593125237,0.221935616194838,0.221065193551008,NA,NA,NA,NA,NA,NA,NA,NA
"26",0.194257710582195,0.200787255697997,NA,0.202857314624838,0.2078575683565,0.203945554846056,0.202590530594391,0.206065442030466,0.203036049224398,0.203599281375727,0.203444849318974,0.204815430839867,0.202979034922124,0.204081560484975,0.205528614892066,NA,NA,NA,NA,NA,NA,NA,NA
"27",0.218536604472988,0.215643380280995,NA,0.222668507760869,0.21908349571326,0.219059834564757,0.218403141090623,0.218498210083355,0.218933829866566,0.219796143327163,0.217759379886523,0.217792149164597,0.219484293700713,0.216748307576554,0.217093785141205,NA,NA,NA,NA,NA,NA,NA,NA
"28",0.208795687040773,0.214859098426652,NA,0.216367940069427,0.21754290248372,0.217498875175842,0.217253355593176,0.216126968949367,0.216346751632148,0.212254013219601,0.213357715871327,0.213632253123897,0.212654207610728,0.212685775233195,0.212511923341934,NA,NA,NA,NA,NA,NA,NA,NA
"29",0.197352693060973,0.192012651902202,NA,0.196802126985902,0.203917528301088,0.203544637810856,0.192998685680842,0.202318464348674,0.202386582618075,0.194225280241792,0.195663930780286,0.194958173796873,0.195733461895351,0.197057957163823,0.197321222288867,NA,NA,NA,NA,NA,NA,NA,NA
"30",0.211691792415985,0.210511917255311,NA,0.20878654970746,0.207129563228178,0.208958565845214,0.210661470703893,0.212481124746657,0.208337564319991,0.209350554680793,0.20863382327455,0.208354548869552,0.207812076858211,0.209058799223016,0.208837819633093,NA,NA,NA,NA,NA,NA,NA,NA
"31",0.210810420766352,0.205255541812074,NA,0.209422358754322,0.208411353966972,0.210016789466987,0.210137894006184,0.213853948481925,0.213988722651573,0.208372599014766,0.211555099795032,0.209977422583895,0.208289520960874,0.211351765341105,0.212743107577439,NA,NA,NA,NA,NA,NA,NA,NA
"32",0.224733647355035,0.213417534185408,NA,0.217229689449173,0.219661582895956,0.220727639727062,0.220314042062492,0.219522759790065,0.219478317739197,0.213497833888572,0.214012301301408,0.214177650208589,0.214208787606262,0.213837829409223,0.21375089743134,NA,NA,NA,NA,NA,NA,NA,NA
"33",0.219296588536024,0.219421416257434,NA,0.221068755263976,0.219727069320985,0.219617670660291,0.217346750803636,0.218090123687101,0.219332093933461,0.216834964132651,0.218555614675125,0.220402207629966,0.219600504265922,0.217959192663392,0.218604382321586,NA,NA,NA,NA,NA,NA,NA,NA
"34",0.213414693391096,0.204616815266846,NA,0.206938337673538,0.211641169992253,0.209688127777612,0.207132988990188,0.207692639549062,0.207684028031276,0.207204277748936,0.20506897757695,0.205934898317616,0.205226043456274,0.205399625846005,0.206413762588169,NA,NA,NA,NA,NA,NA,NA,NA
"35",0.225748375049458,0.217023438627795,NA,0.22136644953845,0.234286097286454,0.234135378241348,0.232441156169626,0.2334570267864,0.232474743539527,0.223748318788898,0.224256763679092,0.223152828242787,0.22229593125237,0.221935616194838,0.221065193551008,NA,NA,NA,NA,NA,NA,NA,NA
"36",0.194257710582195,0.200787255697997,NA,0.202857314624838,0.2078575683565,0.203945554846056,0.202590530594391,0.206065442030466,0.203036049224398,0.203599281375727,0.203444849318974,0.204815430839867,0.202979034922124,0.204081560484975,0.205528614892066,NA,NA,NA,NA,NA,NA,NA,NA
"37",0.218536604472988,0.215643380280995,NA,0.222668507760869,0.21908349571326,0.219059834564757,0.218403141090623,0.218498210083355,0.218933829866566,0.219796143327163,0.217759379886523,0.217792149164597,0.219484293700713,0.216748307576554,0.217093785141205,NA,NA,NA,NA,NA,NA,NA,NA
"38",0.208795687040773,0.214859098426652,NA,0.216367940069427,0.21754290248372,0.217498875175842,0.217253355593176,0.216126968949367,0.216346751632148,0.212254013219601,0.213357715871327,0.213632253123897,0.212654207610728,0.212685775233195,0.212511923341934,NA,NA,NA,NA,NA,NA,NA,NA
"39",0.197352693060973,0.192012651902202,NA,0.196802126985902,0.203917528301088,0.203544637810856,0.192998685680842,0.202318464348674,0.202386582618075,0.194225280241792,0.195663930780286,0.194958173796873,0.195733461895351,0.197057957163823,0.197321222288867,NA,NA,NA,NA,NA,NA,NA,NA
"40",0.211691792415985,0.210511917255311,NA,0.20878654970746,0.207129563228178,0.208958565845214,0.210661470703893,0.212481124746657,0.208337564319991,0.209350554680793,0.20863382327455,0.208354548869552,0.207812076858211,0.209058799223016,0.208837819633093,NA,NA,NA,NA,NA,NA,NA,NA
"41",0.210810420766352,0.205255541812074,NA,0.209422358754322,0.208411353966972,0.210016789466987,0.210137894006184,0.213853948481925,0.213988722651573,0.208372599014766,0.211555099795032,0.209977422583895,0.208289520960874,0.211351765341105,0.212743107577439,NA,NA,NA,NA,NA,NA,NA,NA
"42",0.224733647355035,0.213417534185408,NA,0.217229689449173,0.219661582895956,0.220727639727062,0.220314042062492,0.219522759790065,0.219478317739197,0.213497833888572,0.214012301301408,0.214177650208589,0.214208787606262,0.213837829409223,0.21375089743134,NA,NA,NA,NA,NA,NA,NA,NA
"43",0.219296588536024,0.219421416257434,NA,0.221068755263976,0.219727069320985,0.219617670660291,0.217346750803636,0.218090123687101,0.219332093933461,0.216834964132651,0.218555614675125,0.220402207629966,0.219600504265922,0.217959192663392,0.218604382321586,NA,NA,NA,NA,NA,NA,NA,NA
"44",0.213414693391096,0.204616815266846,NA,0.206938337673538,0.211641169992253,0.209688127777612,0.207132988990188,0.207692639549062,0.207684028031276,0.207204277748936,0.20506897757695,0.205934898317616,0.205226043456274,0.205399625846005,0.206413762588169,NA,NA,NA,NA,NA,NA,NA,NA
"45",0.225748375049458,0.217023438627795,NA,0.22136644953845,0.234286097286454,0.234135378241348,0.232441156169626,0.2334570267864,0.232474743539527,0.223748318788898,0.224256763679092,0.223152828242787,0.22229593125237,0.221935616194838,0.221065193551008,NA,NA,NA,NA,NA,NA,NA,NA
"46",0.194257710582195,0.200787255697997,NA,0.202857314624838,0.2078575683565,0.203945554846056,0.202590530594391,0.206065442030466,0.203036049224398,0.203599281375727,0.203444849318974,0.204815430839867,0.202979034922124,0.204081560484975,0.205528614892066,NA,NA,NA,NA,NA,NA,NA,NA
"47",0.218536604472988,0.215643380280995,NA,0.222668507760869,0.21908349571326,0.219059834564757,0.218403141090623,0.218498210083355,0.218933829866566,0.219796143327163,0.217759379886523,0.217792149164597,0.219484293700713,0.216748307576554,0.217093785141205,NA,NA,NA,NA,NA,NA,NA,NA
"48",0.208795687040773,0.214859098426652,NA,0.216367940069427,0.21754290248372,0.217498875175842,0.217253355593176,0.216126968949367,0.216346751632148,0.212254013219601,0.213357715871327,0.213632253123897,0.212654207610728,0.212685775233195,0.212511923341934,NA,NA,NA,NA,NA,NA,NA,NA
"49",0.197352693060973,0.192012651902202,NA,0.196802126985902,0.203917528301088,0.203544637810856,0.192998685680842,0.202318464348674,0.202386582618075,0.194225280241792,0.195663930780286,0.194958173796873,0.195733461895351,0.197057957163823,0.197321222288867,NA,NA,NA,NA,NA,NA,NA,NA
"50",0.211691792415985,0.210511917255311,NA,0.20878654970746,0.207129563228178,0.208958565845214,0.210661470703893,0.212481124746657,0.208337564319991,0.209350554680793,0.20863382327455,0.208354548869552,0.207812076858211,0.209058799223016,0.208837819633093,NA,NA,NA,NA,NA,NA,NA,NA
"51",0.210810420766352,0.205255541812074,NA,0.209422358754322,0.208411353966972,0.210016789466987,0.210137894006184,0.213853948481925,0.213988722651573,0.208372599014766,0.211555099795032,0.209977422583895,0.208289520960874,0.211351765341105,0.212743107577439,NA,NA,NA,NA,NA,NA,NA,NA
"52",0.224733647355035,0.213417534185408,NA,0.217229689449173,0.219661582895956,0.220727639727062,0.220314042062492,0.219522759790065,0.219478317739197,0.213497833888572,0.214012301301408,0.214177650208589,0.214208787606262,0.213837829409223,0.21375089743134,NA,NA,NA,NA,NA,NA,NA,NA
"53",0.219296588536024,0.219421416257434,NA,0.221068755263976,0.219727069320985,0.219617670660291,0.217346750803636,0.218090123687101,0.219332093933461,0.216834964132651,0.218555614675125,0.220402207629966,0.219600504265922,0.217959192663392,0.218604382321586,NA,NA,NA,NA,NA,NA,NA,NA
"54",0.213414693391096,0.204616815266846,NA,0.206938337673538,0.211641169992253,0.209688127777612,0.207132988990188,0.207692639549062,0.207684028031276,0.207204277748936,0.20506897757695,0.205934898317616,0.205226043456274,0.205399625846005,0.206413762588169,NA,NA,NA,NA,NA,NA,NA,NA
"55",0.225748375049458,0.217023438627795,NA,0.22136644953845,0.234286097286454,0.234135378241348,0.232441156169626,0.2334570267864,0.232474743539527,0.223748318788898,0.224256763679092,0.223152828242787,0.22229593125237,0.221935616194838,0.221065193551008,NA,NA,NA,NA,NA,NA,NA,NA
"56",0.194257710582195,0.200787255697997,NA,0.202857314624838,0.2078575683565,0.203945554846056,0.202590530594391,0.206065442030466,0.203036049224398,0.203599281375727,0.203444849318974,0.204815430839867,0.202979034922124,0.204081560484975,0.205528614892066,NA,NA,NA,NA,NA,NA,NA,NA
"57",0.218536604472988,0.215643380280995,NA,0.222668507760869,0.21908349571326,0.219059834564757,0.218403141090623,0.218498210083355,0.218933829866566,0.219796143327163,0.217759379886523,0.217792149164597,0.219484293700713,0.216748307576554,0.217093785141205,NA,NA,NA,NA,NA,NA,NA,NA
"58",0.208795687040773,0.214859098426652,NA,0.216367940069427,0.21754290248372,0.217498875175842,0.217253355593176,0.216126968949367,0.216346751632148,0.212254013219601,0.213357715871327,0.213632253123897,0.212654207610728,0.212685775233195,0.212511923341934,NA,NA,NA,NA,NA,NA,NA,NA
"59",0.197352693060973,0.192012651902202,NA,0.196802126985902,0.203917528301088,0.203544637810856,0.192998685680842,0.202318464348674,0.202386582618075,0.194225280241792,0.195663930780286,0.194958173796873,0.195733461895351,0.197057957163823,0.197321222288867,NA,NA,NA,NA,NA,NA,NA,NA
"60",0.211691792415985,0.210511917255311,NA,0.20878654970746,0.207129563228178,0.208958565845214,0.210661470703893,0.212481124746657,0.208337564319991,0.209350554680793,0.20863382327455,0.208354548869552,0.207812076858211,0.209058799223016,0.208837819633093,NA,NA,NA,NA,NA,NA,NA,NA
"61",0.210810420766352,0.205255541812074,NA,0.209422358754322,0.208411353966972,0.210016789466987,0.210137894006184,0.213853948481925,0.213988722651573,0.208372599014766,0.211555099795032,0.209977422583895,0.208289520960874,0.211351765341105,0.212743107577439,NA,NA,NA,NA,NA,NA,NA,NA
"62",0.224733647355035,0.213417534185408,NA,0.217229689449173,0.219661582895956,0.220727639727062,0.220314042062492,0.219522759790065,0.219478317739197,0.213497833888572,0.214012301301408,0.214177650208589,0.214208787606262,0.213837829409223,0.21375089743134,NA,NA,NA,NA,NA,NA,NA,NA
"63",0.219296588536024,0.219421416257434,NA,0.221068755263976,0.219727069320985,0.219617670660291,0.217346750803636,0.218090123687101,0.219332093933461,0.216834964132651,0.218555614675125,0.220402207629966,0.219600504265922,0.217959192663392,0.218604382321586,NA,NA,NA,NA,NA,NA,NA,NA
"64",0.213414693391096,0.204616815266846,NA,0.206938337673538,0.211641169992253,0.209688127777612,0.207132988990188,0.207692639549062,0.207684028031276,0.207204277748936,0.20506897757695,0.205934898317616,0.205226043456274,0.205399625846005,0.206413762588169,NA,NA,NA,NA,NA,NA,NA,NA
"65",0.225748375049458,0.217023438627795,NA,0.22136644953845,0.234286097286454,0.234135378241348,0.232441156169626,0.2334570267864,0.232474743539527,0.223748318788898,0.224256763679092,0.223152828242787,0.22229593125237,0.221935616194838,0.221065193551008,NA,NA,NA,NA,NA,NA,NA,NA
"66",0.194257710582195,0.200787255697997,NA,0.202857314624838,0.2078575683565,0.203945554846056,0.202590530594391,0.206065442030466,0.203036049224398,0.203599281375727,0.203444849318974,0.204815430839867,0.202979034922124,0.204081560484975,0.205528614892066,NA,NA,NA,NA,NA,NA,NA,NA
"67",0.218536604472988,0.215643380280995,NA,0.222668507760869,0.21908349571326,0.219059834564757,0.218403141090623,0.218498210083355,0.218933829866566,0.219796143327163,0.217759379886523,0.217792149164597,0.219484293700713,0.216748307576554,0.217093785141205,NA,NA,NA,NA,NA,NA,NA,NA
"68",0.208795687040773,0.214859098426652,NA,0.216367940069427,0.21754290248372,0.217498875175842,0.217253355593176,0.216126968949367,0.216346751632148,0.212254013219601,0.213357715871327,0.213632253123897,0.212654207610728,0.212685775233195,0.212511923341934,NA,NA,NA,NA,NA,NA,NA,NA
"69",0.197352693060973,0.192012651902202,NA,0.196802126985902,0.203917528301088,0.203544637810856,0.192998685680842,0.202318464348674,0.202386582618075,0.194225280241792,0.195663930780286,0.194958173796873,0.195733461895351,0.197057957163823,0.197321222288867,NA,NA,NA,NA,NA,NA,NA,NA
"70",0.211691792415985,0.210511917255311,NA,0.20878654970746,0.207129563228178,0.208958565845214,0.210661470703893,0.212481124746657,0.208337564319991,0.209350554680793,0.20863382327455,0.208354548869552,0.207812076858211,0.209058799223016,0.208837819633093,NA,NA,NA,NA,NA,NA,NA,NA
"71",0.210810420766352,0.205255541812074,NA,0.209422358754322,0.208411353966972,0.210016789466987,0.210137894006184,0.213853948481925,0.213988722651573,0.208372599014766,0.211555099795032,0.209977422583895,0.208289520960874,0.211351765341105,0.212743107577439,NA,NA,NA,NA,NA,NA,NA,NA
"72",0.224733647355035,0.213417534185408,NA,0.217229689449173,0.219661582895956,0.220727639727062,0.220314042062492,0.219522759790065,0.219478317739197,0.213497833888572,0.214012301301408,0.214177650208589,0.214208787606262,0.213837829409223,0.21375089743134,NA,NA,NA,NA,NA,NA,NA,NA
"73",0.219296588536024,0.219421416257434,NA,0.221068755263976,0.219727069320985,0.219617670660291,0.217346750803636,0.218090123687101,0.219332093933461,0.216834964132651,0.218555614675125,0.220402207629966,0.219600504265922,0.217959192663392,0.218604382321586,NA,NA,NA,NA,NA,NA,NA,NA
"74",0.213414693391096,0.204616815266846,NA,0.206938337673538,0.211641169992253,0.209688127777612,0.207132988990188,0.207692639549062,0.207684028031276,0.207204277748936,0.20506897757695,0.205934898317616,0.205226043456274,0.205399625846005,0.206413762588169,NA,NA,NA,NA,NA,NA,NA,NA
"75",0.225748375049458,0.217023438627795,NA,0.22136644953845,0.234286097286454,0.234135378241348,0.232441156169626,0.2334570267864,0.232474743539527,0.223748318788898,0.224256763679092,0.223152828242787,0.22229593125237,0.221935616194838,0.221065193551008,NA,NA,NA,NA,NA,NA,NA,NA
"76",0.194257710582195,0.200787255697997,NA,0.202857314624838,0.2078575683565,0.203945554846056,0.202590530594391,0.206065442030466,0.203036049224398,0.203599281375727,0.203444849318974,0.204815430839867,0.202979034922124,0.204081560484975,0.205528614892066,NA,NA,NA,NA,NA,NA,NA,NA
"77",0.218536604472988,0.215643380280995,NA,0.222668507760869,0.21908349571326,0.219059834564757,0.218403141090623,0.218498210083355,0.218933829866566,0.219796143327163,0.217759379886523,0.217792149164597,0.219484293700713,0.216748307576554,0.217093785141205,NA,NA,NA,NA,NA,NA,NA,NA
"78",0.208795687040773,0.214859098426652,NA,0.216367940069427,0.21754290248372,0.217498875175842,0.217253355593176,0.216126968949367,0.216346751632148,0.212254013219601,0.213357715871327,0.213632253123897,0.212654207610728,0.212685775233195,0.212511923341934,NA,NA,NA,NA,NA,NA,NA,NA
"79",0.197352693060973,0.192012651902202,NA,0.196802126985902,0.203917528301088,0.203544637810856,0.192998685680842,0.202318464348674,0.202386582618075,0.194225280241792,0.195663930780286,0.194958173796873,0.195733461895351,0.197057957163823,0.197321222288867,NA,NA,NA,NA,NA,NA,NA,NA
"80",0.211691792415985,0.210511917255311,NA,0.20878654970746,0.207129563228178,0.208958565845214,0.210661470703893,0.212481124746657,0.208337564319991,0.209350554680793,0.20863382327455,0.208354548869552,0.207812076858211,0.209058799223016,0.208837819633093,NA,NA,NA,NA,NA,NA,NA,NA
"81",0.210810420766352,0.205255541812074,NA,0.209422358754322,0.208411353966972,0.210016789466987,0.210137894006184,0.213853948481925,0.213988722651573,0.208372599014766,0.211555099795032,0.209977422583895,0.208289520960874,0.211351765341105,0.212743107577439,NA,NA,NA,NA,NA,NA,NA,NA
"82",0.224733647355035,0.213417534185408,NA,0.217229689449173,0.219661582895956,0.220727639727062,0.220314042062492,0.219522759790065,0.219478317739197,0.213497833888572,0.214012301301408,0.214177650208589,0.214208787606262,0.213837829409223,0.21375089743134,NA,NA,NA,NA,NA,NA,NA,NA
"83",0.219296588536024,0.219421416257434,NA,0.221068755263976,0.219727069320985,0.219617670660291,0.217346750803636,0.218090123687101,0.219332093933461,0.216834964132651,0.218555614675125,0.220402207629966,0.219600504265922,0.217959192663392,0.218604382321586,NA,NA,NA,NA,NA,NA,NA,NA
"84",0.213414693391096,0.204616815266846,NA,0.206938337673538,0.211641169992253,0.209688127777612,0.207132988990188,0.207692639549062,0.207684028031276,0.207204277748936,0.20506897757695,0.205934898317616,0.205226043456274,0.205399625846005,0.206413762588169,NA,NA,NA,NA,NA,NA,NA,NA
"85",0.225748375049458,0.217023438627795,NA,0.22136644953845,0.234286097286454,0.234135378241348,0.232441156169626,0.2334570267864,0.232474743539527,0.223748318788898,0.224256763679092,0.223152828242787,0.22229593125237,0.221935616194838,0.221065193551008,NA,NA,NA,NA,NA,NA,NA,NA
"86",0.194257710582195,0.200787255697997,NA,0.202857314624838,0.2078575683565,0.203945554846056,0.202590530594391,0.206065442030466,0.203036049224398,0.203599281375727,0.203444849318974,0.204815430839867,0.202979034922124,0.204081560484975,0.205528614892066,NA,NA,NA,NA,NA,NA,NA,NA
"87",0.218536604472988,0.215643380280995,NA,0.222668507760869,0.21908349571326,0.219059834564757,0.218403141090623,0.218498210083355,0.218933829866566,0.219796143327163,0.217759379886523,0.217792149164597,0.219484293700713,0.216748307576554,0.217093785141205,NA,NA,NA,NA,NA,NA,NA,NA
"88",0.208795687040773,0.214859098426652,NA,0.216367940069427,0.21754290248372,0.217498875175842,0.217253355593176,0.216126968949367,0.216346751632148,0.212254013219601,0.213357715871327,0.213632253123897,0.212654207610728,0.212685775233195,0.212511923341934,NA,NA,NA,NA,NA,NA,NA,NA
"89",0.197352693060973,0.192012651902202,NA,0.196802126985902,0.203917528301088,0.203544637810856,0.192998685680842,0.202318464348674,0.202386582618075,0.194225280241792,0.195663930780286,0.194958173796873,0.195733461895351,0.197057957163823,0.197321222288867,NA,NA,NA,NA,NA,NA,NA,NA
"90",0.211691792415985,0.210511917255311,NA,0.20878654970746,0.207129563228178,0.208958565845214,0.210661470703893,0.212481124746657,0.208337564319991,0.209350554680793,0.20863382327455,0.208354548869552,0.207812076858211,0.209058799223016,0.208837819633093,NA,NA,NA,NA,NA,NA,NA,NA
"91",0.210810420766352,0.205255541812074,NA,0.209422358754322,0.208411353966972,0.210016789466987,0.210137894006184,0.213853948481925,0.213988722651573,0.208372599014766,0.211555099795032,0.209977422583895,0.208289520960874,0.211351765341105,0.212743107577439,NA,NA,NA,NA,NA,NA,NA,NA
"92",0.224733647355035,0.213417534185408,NA,0.217229689449173,0.219661582895956,0.220727639727062,0.220314042062492,0.219522759790065,0.219478317739197,0.213497833888572,0.214012301301408,0.214177650208589,0.214208787606262,0.213837829409223,0.21375089743134,NA,NA,NA,NA,NA,NA,NA,NA
"93",0.219296588536024,0.219421416257434,NA,0.221068755263976,0.219727069320985,0.219617670660291,0.217346750803636,0.218090123687101,0.219332093933461,0.216834964132651,0.218555614675125,0.220402207629966,0.219600504265922,0.217959192663392,0.218604382321586,NA,NA,NA,NA,NA,NA,NA,NA
"94",0.213414693391096,0.204616815266846,NA,0.206938337673538,0.211641169992253,0.209688127777612,0.207132988990188,0.207692639549062,0.207684028031276,0.207204277748936,0.20506897757695,0.205934898317616,0.205226043456274,0.205399625846005,0.206413762588169,NA,NA,NA,NA,NA,NA,NA,NA
"95",0.225748375049458,0.217023438627795,NA,0.22136644953845,0.234286097286454,0.234135378241348,0.232441156169626,0.2334570267864,0.232474743539527,0.223748318788898,0.224256763679092,0.223152828242787,0.22229593125237,0.221935616194838,0.221065193551008,NA,NA,NA,NA,NA,NA,NA,NA
"96",0.194257710582195,0.200787255697997,NA,0.202857314624838,0.2078575683565,0.203945554846056,0.202590530594391,0.206065442030466,0.203036049224398,0.203599281375727,0.203444849318974,0.204815430839867,0.202979034922124,0.204081560484975,0.205528614892066,NA,NA,NA,NA,NA,NA,NA,NA
"97",0.218536604472988,0.215643380280995,NA,0.222668507760869,0.21908349571326,0.219059834564757,0.218403141090623,0.218498210083355,0.218933829866566,0.219796143327163,0.217759379886523,0.217792149164597,0.219484293700713,0.216748307576554,0.217093785141205,NA,NA,NA,NA,NA,NA,NA,NA
"98",0.208795687040773,0.214859098426652,NA,0.216367940069427,0.21754290248372,0.217498875175842,0.217253355593176,0.216126968949367,0.216346751632148,0.212254013219601,0.213357715871327,0.213632253123897,0.212654207610728,0.212685775233195,0.212511923341934,NA,NA,NA,NA,NA,NA,NA,NA
"99",0.197352693060973,0.192012651902202,NA,0.196802126985902,0.203917528301088,0.203544637810856,0.192998685680842,0.202318464348674,0.202386582618075,0.194225280241792,0.195663930780286,0.194958173796873,0.195733461895351,0.197057957163823,0.197321222288867,NA,NA,NA,NA,NA,NA,NA,NA
"100",0.211691792415985,0.210511917255311,NA,0.20878654970746,0.207129563228178,0.208958565845214,0.210661470703893,0.212481124746657,0.208337564319991,0.209350554680793,0.20863382327455,0.208354548869552,0.207812076858211,0.209058799223016,0.208837819633093,NA,NA,NA,NA,NA,NA,NA,NA
