"","GLMM_tree","Bart","BaBart_N*1","BaBart_N*5","BaBart_N*10"
"rep1_fold1",0.0718606133943262,0.0750481719142525,0.0898799617056057,0.0888456585070537,0.0916896969191025
"rep1_fold2",0.0545884039795068,0.0602671070690058,0.0698430456682912,0.0659134290994654,0.0638494879363992
"rep1_fold3",0.0779499607149609,0.0929592236920048,0.109033355651136,0.100612969067536,0.101422902304002
"rep1_fold4",0.0583946273968516,0.074533677206091,0.0984047412687521,0.0914609425745136,0.086090746780189
"rep1_fold5",0.0628807367253352,0.0924518904344133,0.110127776772866,0.103203955530212,0.102223653557545
"rep1_fold6",0.0926605433393517,0.0972274571296465,0.127072573396453,0.117345389294921,0.117912514645185
"rep1_fold7",0.0736723766924477,0.0699050078292114,0.101770844439121,0.0975703448051946,0.0936339654034479
"rep1_fold8",0.0728157306918706,0.0919286144227529,0.117389197033616,0.114005240640024,0.106463283922839
"rep1_fold9",0.0727864703898047,0.0753106763586691,0.097582311174552,0.0931732031721872,0.099705516502377
"rep1_fold10",0.0503415786634286,0.0705280504064694,0.0790990327778759,0.0764983768309822,0.0751492660616214
"rep2_fold1",0.0751635161904233,0.0984147661654496,0.1121139558324,0.111715183100477,0.100591669115601
"rep2_fold2",0.0757835351991739,0.0722123980409078,0.107415639832673,0.104639319510846,0.105654434042035
"rep2_fold3",0.0475864050629587,0.0698535986321796,0.0856928956352913,0.0772879850362196,0.0767623567765675
"rep2_fold4",0.0553156079377204,0.0686219422628316,0.0831010880748578,0.0777183528031131,0.0781334337622948
"rep2_fold5",0.0617747685518252,0.072723444711367,0.0874274073749325,0.0872193863490925,0.0844639131574584
"rep2_fold6",0.0569950238722234,0.0689061293208364,0.0838083387946284,0.0875981394927471,0.0855800451143339
"rep2_fold7",0.0836118974280792,0.091960822149023,0.115657428791274,0.114486412909682,0.111749280814247
"rep2_fold8",0.0996920734118774,0.104811463286713,0.130992833733106,0.129424526988861,0.126271618396829
"rep2_fold9",0.0629913085115539,0.069991659320928,0.0870578981421731,0.0783669729432835,0.0790796101746184
"rep2_fold10",0.0727540537959106,0.0824168331667742,0.0971645607818129,0.0957592695829685,0.0987873502580764
"rep3_fold1",0.0751635161904233,0.0984147661654496,0.1121139558324,0.111715183100477,0.100591669115601
"rep3_fold2",0.0757835351991739,0.0722123980409078,0.107415639832673,0.104639319510846,0.105654434042035
"rep3_fold3",0.0475864050629587,0.0698535986321796,0.0856928956352913,0.0772879850362196,0.0767623567765675
"rep3_fold4",0.0553156079377204,0.0686219422628316,0.0831010880748578,0.0777183528031131,0.0781334337622948
"rep3_fold5",0.0617747685518252,0.072723444711367,0.0874274073749325,0.0872193863490925,0.0844639131574584
"rep3_fold6",0.0569950238722234,0.0689061293208364,0.0838083387946284,0.0875981394927471,0.0855800451143339
"rep3_fold7",0.0836118974280792,0.091960822149023,0.115657428791274,0.114486412909682,0.111749280814247
"rep3_fold8",0.0996920734118774,0.104811463286713,0.130992833733106,0.129424526988861,0.126271618396829
"rep3_fold9",0.0629913085115539,0.069991659320928,0.0870578981421731,0.0783669729432835,0.0790796101746184
"rep3_fold10",0.0727540537959106,0.0824168331667742,0.0971645607818129,0.0957592695829685,0.0987873502580764
"rep4_fold1",0.0751635161904233,0.0984147661654496,0.1121139558324,0.111715183100477,0.100591669115601
"rep4_fold2",0.0757835351991739,0.0722123980409078,0.107415639832673,0.104639319510846,0.105654434042035
"rep4_fold3",0.0475864050629587,0.0698535986321796,0.0856928956352913,0.0772879850362196,0.0767623567765675
"rep4_fold4",0.0553156079377204,0.0686219422628316,0.0831010880748578,0.0777183528031131,0.0781334337622948
"rep4_fold5",0.0617747685518252,0.072723444711367,0.0874274073749325,0.0872193863490925,0.0844639131574584
"rep4_fold6",0.0569950238722234,0.0689061293208364,0.0838083387946284,0.0875981394927471,0.0855800451143339
"rep4_fold7",0.0836118974280792,0.091960822149023,0.115657428791274,0.114486412909682,0.111749280814247
"rep4_fold8",0.0996920734118774,0.104811463286713,0.130992833733106,0.129424526988861,0.126271618396829
"rep4_fold9",0.0629913085115539,0.069991659320928,0.0870578981421731,0.0783669729432835,0.0790796101746184
"rep4_fold10",0.0727540537959106,0.0824168331667742,0.0971645607818129,0.0957592695829685,0.0987873502580764
"rep5_fold1",0.0751635161904233,0.0984147661654496,0.1121139558324,0.111715183100477,0.100591669115601
"rep5_fold2",0.0757835351991739,0.0722123980409078,0.107415639832673,0.104639319510846,0.105654434042035
"rep5_fold3",0.0475864050629587,0.0698535986321796,0.0856928956352913,0.0772879850362196,0.0767623567765675
"rep5_fold4",0.0553156079377204,0.0686219422628316,0.0831010880748578,0.0777183528031131,0.0781334337622948
"rep5_fold5",0.0617747685518252,0.072723444711367,0.0874274073749325,0.0872193863490925,0.0844639131574584
"rep5_fold6",0.0569950238722234,0.0689061293208364,0.0838083387946284,0.0875981394927471,0.0855800451143339
"rep5_fold7",0.0836118974280792,0.091960822149023,0.115657428791274,0.114486412909682,0.111749280814247
"rep5_fold8",0.0996920734118774,0.104811463286713,0.130992833733106,0.129424526988861,0.126271618396829
"rep5_fold9",0.0629913085115539,0.069991659320928,0.0870578981421731,0.0783669729432835,0.0790796101746184
"rep5_fold10",0.0727540537959106,0.0824168331667742,0.0971645607818129,0.0957592695829685,0.0987873502580764
"rep6_fold1",0.0751635161904233,0.0984147661654496,0.1121139558324,0.111715183100477,0.100591669115601
"rep6_fold2",0.0757835351991739,0.0722123980409078,0.107415639832673,0.104639319510846,0.105654434042035
"rep6_fold3",0.0475864050629587,0.0698535986321796,0.0856928956352913,0.0772879850362196,0.0767623567765675
"rep6_fold4",0.0553156079377204,0.0686219422628316,0.0831010880748578,0.0777183528031131,0.0781334337622948
"rep6_fold5",0.0617747685518252,0.072723444711367,0.0874274073749325,0.0872193863490925,0.0844639131574584
"rep6_fold6",0.0569950238722234,0.0689061293208364,0.0838083387946284,0.0875981394927471,0.0855800451143339
"rep6_fold7",0.0836118974280792,0.091960822149023,0.115657428791274,0.114486412909682,0.111749280814247
"rep6_fold8",0.0996920734118774,0.104811463286713,0.130992833733106,0.129424526988861,0.126271618396829
"rep6_fold9",0.0629913085115539,0.069991659320928,0.0870578981421731,0.0783669729432835,0.0790796101746184
"rep6_fold10",0.0727540537959106,0.0824168331667742,0.0971645607818129,0.0957592695829685,0.0987873502580764
"rep7_fold1",0.0751635161904233,0.0984147661654496,0.1121139558324,0.111715183100477,0.100591669115601
"rep7_fold2",0.0757835351991739,0.0722123980409078,0.107415639832673,0.104639319510846,0.105654434042035
"rep7_fold3",0.0475864050629587,0.0698535986321796,0.0856928956352913,0.0772879850362196,0.0767623567765675
"rep7_fold4",0.0553156079377204,0.0686219422628316,0.0831010880748578,0.0777183528031131,0.0781334337622948
"rep7_fold5",0.0617747685518252,0.072723444711367,0.0874274073749325,0.0872193863490925,0.0844639131574584
"rep7_fold6",0.0569950238722234,0.0689061293208364,0.0838083387946284,0.0875981394927471,0.0855800451143339
"rep7_fold7",0.0836118974280792,0.091960822149023,0.115657428791274,0.114486412909682,0.111749280814247
"rep7_fold8",0.0996920734118774,0.104811463286713,0.130992833733106,0.129424526988861,0.126271618396829
"rep7_fold9",0.0629913085115539,0.069991659320928,0.0870578981421731,0.0783669729432835,0.0790796101746184
"rep7_fold10",0.0727540537959106,0.0824168331667742,0.0971645607818129,0.0957592695829685,0.0987873502580764
"rep8_fold1",0.0751635161904233,0.0984147661654496,0.1121139558324,0.111715183100477,0.100591669115601
"rep8_fold2",0.0757835351991739,0.0722123980409078,0.107415639832673,0.104639319510846,0.105654434042035
"rep8_fold3",0.0475864050629587,0.0698535986321796,0.0856928956352913,0.0772879850362196,0.0767623567765675
"rep8_fold4",0.0553156079377204,0.0686219422628316,0.0831010880748578,0.0777183528031131,0.0781334337622948
"rep8_fold5",0.0617747685518252,0.072723444711367,0.0874274073749325,0.0872193863490925,0.0844639131574584
"rep8_fold6",0.0569950238722234,0.0689061293208364,0.0838083387946284,0.0875981394927471,0.0855800451143339
"rep8_fold7",0.0836118974280792,0.091960822149023,0.115657428791274,0.114486412909682,0.111749280814247
"rep8_fold8",0.0996920734118774,0.104811463286713,0.130992833733106,0.129424526988861,0.126271618396829
"rep8_fold9",0.0629913085115539,0.069991659320928,0.0870578981421731,0.0783669729432835,0.0790796101746184
"rep8_fold10",0.0727540537959106,0.0824168331667742,0.0971645607818129,0.0957592695829685,0.0987873502580764
"rep9_fold1",0.0751635161904233,0.0984147661654496,0.1121139558324,0.111715183100477,0.100591669115601
"rep9_fold2",0.0757835351991739,0.0722123980409078,0.107415639832673,0.104639319510846,0.105654434042035
"rep9_fold3",0.0475864050629587,0.0698535986321796,0.0856928956352913,0.0772879850362196,0.0767623567765675
"rep9_fold4",0.0553156079377204,0.0686219422628316,0.0831010880748578,0.0777183528031131,0.0781334337622948
"rep9_fold5",0.0617747685518252,0.072723444711367,0.0874274073749325,0.0872193863490925,0.0844639131574584
"rep9_fold6",0.0569950238722234,0.0689061293208364,0.0838083387946284,0.0875981394927471,0.0855800451143339
"rep9_fold7",0.0836118974280792,0.091960822149023,0.115657428791274,0.114486412909682,0.111749280814247
"rep9_fold8",0.0996920734118774,0.104811463286713,0.130992833733106,0.129424526988861,0.126271618396829
"rep9_fold9",0.0629913085115539,0.069991659320928,0.0870578981421731,0.0783669729432835,0.0790796101746184
"rep9_fold10",0.0727540537959106,0.0824168331667742,0.0971645607818129,0.0957592695829685,0.0987873502580764
"rep10_fold1",0.0751635161904233,0.0984147661654496,0.1121139558324,0.111715183100477,0.100591669115601
"rep10_fold2",0.0757835351991739,0.0722123980409078,0.107415639832673,0.104639319510846,0.105654434042035
"rep10_fold3",0.0475864050629587,0.0698535986321796,0.0856928956352913,0.0772879850362196,0.0767623567765675
"rep10_fold4",0.0553156079377204,0.0686219422628316,0.0831010880748578,0.0777183528031131,0.0781334337622948
"rep10_fold5",0.0617747685518252,0.072723444711367,0.0874274073749325,0.0872193863490925,0.0844639131574584
"rep10_fold6",0.0569950238722234,0.0689061293208364,0.0838083387946284,0.0875981394927471,0.0855800451143339
"rep10_fold7",0.0836118974280792,0.091960822149023,0.115657428791274,0.114486412909682,0.111749280814247
"rep10_fold8",0.0996920734118774,0.104811463286713,0.130992833733106,0.129424526988861,0.126271618396829
"rep10_fold9",0.0629913085115539,0.069991659320928,0.0870578981421731,0.0783669729432835,0.0790796101746184
"rep10_fold10",0.0727540537959106,0.0824168331667742,0.0971645607818129,0.0957592695829685,0.0987873502580764
