"","GLMM_tree","Bart","BaBart_N*2","BaBart_N*3","BaBart_N*4","BaBart_N*5","BaBart_N*6","BaBart_N*7","BaBart_N*8","BaBart_N*9","BaBart_N*10"
"rep1_fold1",0.420972272618251,0.379869019420574,0.379108497746299,0.374522874312572,0.378592804744727,0.378643387579155,0.384164144479312,0.370813310486037,0.379380806611805,0.376293168883854,0.383875139740734
"rep1_fold2",0.479309121598824,0.40525500830967,0.410530945357599,0.403274709379292,0.399478278296606,0.403475258308924,0.402397194447837,0.408838210875728,0.419239309211927,0.399261285047589,0.399817042075123
"rep1_fold3",0.441670352058091,0.42846312185144,0.430857639686741,0.414257995271092,0.433622186212329,0.444328687865875,0.43121472839994,0.44196775800492,0.433382503186415,0.438489646029402,0.429362479369971
"rep1_fold4",0.52336286219588,0.445089418957582,0.445490192840955,0.457918249949629,0.438945747782274,0.443476926014236,0.454786352249142,0.443930583935927,0.447982348244312,0.440512200468876,0.453459347177541
"rep1_fold5",0.502740428873204,0.450546793326688,0.454275229076055,0.458224621970198,0.455471932307663,0.455529218121212,0.458663335149214,0.450532178170731,0.443985282558412,0.460323009883647,0.449880389012027
"rep1_fold6",0.464759537172861,0.390909667727846,0.395801871944096,0.390798201675604,0.403574787119669,0.391574774699822,0.383162695965016,0.389214322920222,0.391507766483914,0.392686164013918,0.379743271984272
"rep1_fold7",0.466993891662319,0.44283447507235,0.449982339925944,0.44129869733356,0.453794181169482,0.455857093808907,0.44367074500446,0.437264213101535,0.453188804384108,0.450845679205006,0.436215616814435
"rep1_fold8",0.556916747169372,0.543163688370521,0.55458840727678,0.558161693147794,0.551765036032797,0.548424906081235,0.535473358343107,0.532880747123708,0.545827149185885,0.538303335527215,0.548308364248995
"rep1_fold9",0.606425220415215,0.581812282548012,0.575312835970675,0.5869361451612,0.575695739732864,0.578562562575985,0.568025235467377,0.571556113885917,0.590172518476109,0.589631023563154,0.575051070785875
"rep1_fold10",0.373700958227587,0.338719073756958,0.350311240575869,0.34387757842668,0.341302692159635,0.355384626317056,0.353338220366023,0.343019385874917,0.342317830957012,0.344271706537636,0.34464091475492
"rep2_fold1",0.510835730726168,0.478342112059657,0.485702063206994,0.487477542996537,0.472670845377785,0.462534153991639,0.48571466898344,0.481696488362796,0.479129764575262,0.491345482368225,0.48002834586662
"rep2_fold2",0.526654177987814,0.439979854640703,0.460625660134512,0.467369332109695,0.441878819418547,0.439665433783533,0.449669695749324,0.436160071289152,0.444891350411973,0.443937221305166,0.440574990252414
"rep2_fold3",0.484575280210073,0.44403932133009,0.442644455147916,0.447090805818051,0.444886635418729,0.440580786507414,0.440687354471575,0.44629486636226,0.439229333174241,0.434925038304573,0.44951476276672
"rep2_fold4",0.441081373791057,0.427311664586497,0.445920172810917,0.434441193065083,0.437791068110905,0.438502994091042,0.422810296513306,0.431348530117997,0.421798378502463,0.435545263687135,0.441862123418246
"rep2_fold5",0.430422622948505,0.382211466497907,0.391924787931897,0.37891000287866,0.3814698444832,0.368144607894185,0.375128347477701,0.380009833496254,0.381023257476623,0.378625164135925,0.374984148773867
"rep2_fold6",0.533901753705257,0.504174873327209,0.519777056600473,0.521580579675227,0.531629624750723,0.505478469496993,0.537890669502928,0.505678118144664,0.500944533028521,0.506418340265347,0.512838047897587
"rep2_fold7",0.462681982063354,0.448577427442192,0.45571764531037,0.455988972744797,0.448171922120559,0.443751079207,0.444204391638327,0.453200838370948,0.451812686503577,0.448293151274612,0.456416475139271
"rep2_fold8",0.483836488526666,0.469330849424038,0.459971071823209,0.468049813760134,0.453540015197192,0.451376990728347,0.470857634083275,0.460425856675335,0.452107768083892,0.460551632717217,0.473813574485597
"rep2_fold9",0.418568199066041,0.375701863379336,0.383888952895801,0.386512222561958,0.383858984923354,0.385463241671273,0.384657527678842,0.375048390098783,0.375590763102507,0.371242710979152,0.374526400062444
"rep2_fold10",0.516557124231364,0.478246610598441,0.475127816315502,0.467355174665741,0.479186958687624,0.467589732954797,0.481224119179244,0.469051777733468,0.475632726872949,0.473413428121284,0.469079078368898
"rep3_fold1",0.510835730726168,0.478342112059657,0.474765758791281,0.485255047931844,0.472114175730746,0.474976606059445,0.466010651144423,0.480440935096478,0.486478593151736,0.482942170838028,0.474711120862468
"rep3_fold2",0.526654177987814,0.439979854640703,0.451576333767344,0.461321487952983,0.45835095936676,0.451054202951574,0.446004754999739,0.458427069935776,0.455962000286647,0.444018884725104,0.439181085477531
"rep3_fold3",0.484575280210073,0.44403932133009,0.456708756386368,0.442160945452457,0.439494744709932,0.444942982407014,0.446965668923855,0.447854536274288,0.445225379949997,0.440966329206484,0.436269925321599
"rep3_fold4",0.441081373791057,0.427311664586497,0.431514482719357,0.428809175416572,0.427637818270352,0.437238759945834,0.425571309831093,0.417134862788772,0.425926621031115,0.434428000484472,0.432510234119264
"rep3_fold5",0.430422622948505,0.382211466497907,0.383002908650844,0.379069788200472,0.388093848844625,0.368961753454802,0.382386289636956,0.372425353396573,0.382606380375373,0.374566347420463,0.387808130453135
"rep3_fold6",0.533901753705257,0.504174873327209,0.523857397318614,0.50905485567974,0.523289744038291,0.512800830724695,0.497445913385845,0.519619395318261,0.527222988903051,0.516213167807429,0.507754779843198
"rep3_fold7",0.462681982063354,0.448577427442192,0.44278171029055,0.452482322092464,0.452329572652431,0.46399817817483,0.453394471176344,0.458713699139134,0.452582073191999,0.459350442533419,0.462909171978834
"rep3_fold8",0.483836488526666,0.469330849424038,0.485908231808958,0.46701150650118,0.4690810755021,0.460606654809177,0.451367202370248,0.481634263360958,0.461980553799516,0.459809437183869,0.470560238741959
"rep3_fold9",0.418568199066041,0.375701863379336,0.379336435423315,0.374160931915764,0.373402723773625,0.379457820009566,0.372316602216645,0.37482624530921,0.375665406384771,0.378646484194531,0.373690019425815
"rep3_fold10",0.516557124231364,0.478246610598441,0.472633521922792,0.483437510025493,0.476119999398439,0.474244315439315,0.469464922609447,0.4696658989314,0.469480515925765,0.469008850913437,0.476776702532085
"rep4_fold1",0.510835730726168,0.478342112059657,0.486093077609101,0.472914263029296,0.480675567410834,0.480061650308264,0.472082719912074,0.478125907364661,0.479325024702444,0.487043619057039,0.482033918883777
"rep4_fold2",0.526654177987814,0.439979854640703,0.468504322723501,0.470698460794069,0.43954766300333,0.452379055671807,0.455563832574665,0.441319487028312,0.443758236811961,0.450692921525586,0.449764727506444
"rep4_fold3",0.484575280210073,0.44403932133009,0.447608482320009,0.439814020302848,0.445691250702746,0.428405374734556,0.433531084821863,0.438666097775522,0.429141819578097,0.440755370502348,0.446750928662153
"rep4_fold4",0.441081373791057,0.427311664586497,0.439275999200303,0.430957689237519,0.43068408001661,0.421786490779602,0.422545909615715,0.421937167813125,0.418687857195322,0.424640653158575,0.436608539585136
"rep4_fold5",0.430422622948505,0.382211466497907,0.400052326598329,0.38250576990761,0.386534958831889,0.388967620543122,0.382069882647451,0.3797336521325,0.38264814080045,0.369133361837333,0.370431538042204
"rep4_fold6",0.533901753705257,0.504174873327209,0.520250518734312,0.541441234458014,0.518445086352379,0.520834570960608,0.512288392786505,0.507012476025455,0.520350998747422,0.517958985788986,0.526344286450128
"rep4_fold7",0.462681982063354,0.448577427442192,0.453097449207619,0.445669601507082,0.443373223734294,0.455511301069951,0.463122687246729,0.452065104512629,0.455430769034288,0.443788341528771,0.448124407705447
"rep4_fold8",0.483836488526666,0.469330849424038,0.454229344783857,0.452801493434299,0.465163248384029,0.48635176781445,0.478669300806667,0.464194910167841,0.478133543996068,0.453864338800597,0.458825614252456
"rep4_fold9",0.418568199066041,0.375701863379336,0.376158744250291,0.388297133533554,0.367580115042574,0.370508657810822,0.373184999569039,0.377995589599085,0.381857683752443,0.371830640948518,0.383702705007713
"rep4_fold10",0.516557124231364,0.478246610598441,0.471274073982647,0.473224009683065,0.473102671752355,0.472793146674682,0.464300253391255,0.489436864508716,0.479239036963101,0.471966376241273,0.469815099046178
"rep5_fold1",0.510835730726168,0.478342112059657,0.474035169418417,0.490310378052483,0.479311208338621,0.471065454782143,0.478414269892647,0.472732213411737,0.475511316730082,0.482644912516395,0.478300342111901
"rep5_fold2",0.526654177987814,0.439979854640703,0.428856668294961,0.454302912542554,0.446007029734594,0.458509106641091,0.446540584170038,0.454340926876276,0.448778799973376,0.450224988938691,0.459528607483715
"rep5_fold3",0.484575280210073,0.44403932133009,0.454433195974558,0.448774829174183,0.438272437133259,0.441521836971803,0.443313050333899,0.440904374953453,0.427231129492469,0.435697790815172,0.438180585099779
"rep5_fold4",0.441081373791057,0.427311664586497,0.430943340984051,0.438077790899927,0.426034194419827,0.427267094260326,0.42022465984258,0.4260988621679,0.426694673939114,0.438833888947721,0.430139449451578
"rep5_fold5",0.430422622948505,0.382211466497907,0.384332643977578,0.372326371024733,0.380130240042647,0.387503545686437,0.385098665597612,0.378232920039337,0.381886468492647,0.372864138278041,0.389104018643109
"rep5_fold6",0.533901753705257,0.504174873327209,0.517011572154124,0.503874486908701,0.494519961976318,0.509389957307511,0.511546757877775,0.499139122876331,0.517838708718955,0.514404626644967,0.506247982161
"rep5_fold7",0.462681982063354,0.448577427442192,0.452550288931882,0.446538900058697,0.449800171638503,0.455228839240759,0.455326292519613,0.455523716077934,0.446892373043614,0.453798070373146,0.45867128514245
"rep5_fold8",0.483836488526666,0.469330849424038,0.462783915539523,0.47656999489837,0.465673909441921,0.47959196439007,0.462790917955798,0.458476297307493,0.471871707959952,0.465446296624731,0.46109064578691
"rep5_fold9",0.418568199066041,0.375701863379336,0.386654697490807,0.368188719716367,0.383145205182656,0.376091677693052,0.375457382233535,0.386506717234839,0.375206287668342,0.366028684630554,0.377627595639616
"rep5_fold10",0.516557124231364,0.478246610598441,0.466226244628929,0.477228878537017,0.474161333311781,0.472679016845127,0.463983161658006,0.471744948712843,0.473254887846256,0.474305161550344,0.474561440609588
"rep6_fold1",0.510835730726168,0.478342112059657,0.476632299357022,0.474129579151897,0.471946209945535,0.472815063749863,0.4728330076498,0.48027818638696,0.476082972595157,0.479893777487281,0.479916969865876
"rep6_fold2",0.526654177987814,0.439979854640703,0.464792694889368,0.44638162940869,0.457447078096015,0.443598826643231,0.439691295300496,0.44811368782309,0.441085925547391,0.450834175013634,0.443225923720225
"rep6_fold3",0.484575280210073,0.44403932133009,0.448223798623802,0.445834746611835,0.445661046783901,0.44715486773218,0.444434573917656,0.443692765739968,0.443978250837202,0.438809102934186,0.43555589081712
"rep6_fold4",0.441081373791057,0.427311664586497,0.428953569323767,0.420077024915535,0.436881696493245,0.436428760155043,0.425276788849486,0.418790765686338,0.427521480643422,0.428141212224241,0.427083469747427
"rep6_fold5",0.430422622948505,0.382211466497907,0.404764857498659,0.386399460357975,0.393932817478175,0.370122295515622,0.381870837754583,0.370820120705625,0.370016015656044,0.382709241959717,0.376590888715878
"rep6_fold6",0.533901753705257,0.504174873327209,0.529565740698749,0.512312419909982,0.534326788711427,0.519480969255508,0.519665367237615,0.512413984883415,0.506736966811944,0.510377744340875,0.502821120906076
"rep6_fold7",0.462681982063354,0.448577427442192,0.443995091272547,0.459634374520246,0.451685671499007,0.437966055726319,0.443386058332837,0.456715662150247,0.448075164512074,0.448338523538503,0.452314674379008
"rep6_fold8",0.483836488526666,0.469330849424038,0.454425956632085,0.458082730450407,0.464708098423689,0.470926255390133,0.457609303661253,0.463113656628785,0.465513307019808,0.461745224645444,0.464285396372789
"rep6_fold9",0.418568199066041,0.375701863379336,0.401901444265226,0.379857009912894,0.36968757569711,0.377942513956316,0.373727685995632,0.372942565442064,0.368056337837606,0.378453497314742,0.385546286894879
"rep6_fold10",0.516557124231364,0.478246610598441,0.488150410678874,0.474869506531432,0.477736751081432,0.476437846856588,0.467106188985264,0.472498570311634,0.475675380670292,0.471657869007648,0.469346254770008
"rep7_fold1",0.510835730726168,0.478342112059657,0.475104331320334,0.484127831362112,0.479258566384789,0.477267375231391,0.479316512297569,0.476895090323352,0.471192723197097,0.478331082396265,0.478513510606259
"rep7_fold2",0.526654177987814,0.439979854640703,0.469566594910011,0.464940328894017,0.445152544637166,0.454964395973367,0.454330198471423,0.453639738972048,0.456197269528952,0.451824439565985,0.440642169407156
"rep7_fold3",0.484575280210073,0.44403932133009,0.439177038026398,0.446366053521396,0.441814684127243,0.438632107186528,0.436092872450013,0.43557372382162,0.440266591082577,0.436128508912513,0.445762130682591
"rep7_fold4",0.441081373791057,0.427311664586497,0.408124793383694,0.44926825614503,0.42799809568365,0.427624841545587,0.447761952394001,0.434225822730432,0.430519891152797,0.426909074953435,0.425761982872703
"rep7_fold5",0.430422622948505,0.382211466497907,0.397708952162082,0.38247384949881,0.382476274349909,0.376205215020587,0.370503563634162,0.381776769496812,0.378317075272816,0.387574514794353,0.38600367930717
"rep7_fold6",0.533901753705257,0.504174873327209,0.525900168830382,0.51899379369212,0.494999952366226,0.497103975108775,0.506316069375038,0.519218234041275,0.508696506784135,0.514193564240002,0.505577590911564
"rep7_fold7",0.462681982063354,0.448577427442192,0.452558211169146,0.46237146276388,0.443211734643793,0.448156715845593,0.461000531854094,0.447559093363163,0.454786906897485,0.458240285543087,0.461766119265315
"rep7_fold8",0.483836488526666,0.469330849424038,0.455360599776318,0.467404235282727,0.462463343212332,0.460181050164423,0.470911651521279,0.448684306359565,0.46079337978892,0.45794302518786,0.459927356375892
"rep7_fold9",0.418568199066041,0.375701863379336,0.383513298212771,0.387049337286728,0.374035425060547,0.391817344156686,0.375210382192508,0.383085587374165,0.3784158425029,0.373316214123344,0.373519051599051
"rep7_fold10",0.516557124231364,0.478246610598441,0.471890879863606,0.46854971693252,0.467596375422596,0.465933292121987,0.473374659168016,0.468305149988791,0.477759127716618,0.475263660517042,0.472811969963245
"rep8_fold1",0.510835730726168,0.478342112059657,0.479851148263861,0.473818474104351,0.471702164107823,0.473700771894054,0.483933493199188,0.476509102217014,0.477454635219699,0.480415268900162,0.476873081758737
"rep8_fold2",0.526654177987814,0.439979854640703,0.468442375319512,0.467693467074971,0.438868840451377,0.453849271683397,0.440094056625046,0.455087512518619,0.438759015953097,0.463404546978847,0.451478564466485
"rep8_fold3",0.484575280210073,0.44403932133009,0.443878127147185,0.442022899628828,0.450082668905084,0.446506780886542,0.437924286812199,0.452003399608882,0.444491553342536,0.437542544669784,0.437163732368444
"rep8_fold4",0.441081373791057,0.427311664586497,0.420297325759919,0.421073553567671,0.443142309799489,0.429124790424762,0.420665650268012,0.422461195135109,0.425618658749732,0.427946143090035,0.432039843011571
"rep8_fold5",0.430422622948505,0.382211466497907,0.385954614965992,0.389606212114058,0.387324542480276,0.389988056702103,0.379162572874865,0.386191068812639,0.380453417768544,0.384305868829985,0.381839916454206
"rep8_fold6",0.533901753705257,0.504174873327209,0.488181180740751,0.525557214498782,0.51585101269567,0.510381058361075,0.50550640889863,0.506770920681583,0.509629468631406,0.521919442711145,0.50846059689676
"rep8_fold7",0.462681982063354,0.448577427442192,0.465784476176195,0.452021810826893,0.450188396931184,0.45264165786031,0.448121984586172,0.45549131103521,0.456521002958426,0.451920463826382,0.460276879424973
"rep8_fold8",0.483836488526666,0.469330849424038,0.462590528793181,0.471296427114803,0.461966647389311,0.453017736379813,0.462956189064507,0.448074095755799,0.47008356714473,0.462549582366769,0.468272053816674
"rep8_fold9",0.418568199066041,0.375701863379336,0.379966712031115,0.371551123214973,0.380961431861781,0.374244175818649,0.369045714605685,0.367824472791663,0.374209616626488,0.378274280889774,0.376689148876042
"rep8_fold10",0.516557124231364,0.478246610598441,0.484946573862416,0.473735470682511,0.462847698002968,0.480340787723656,0.475965871105951,0.456857593456209,0.466923026867322,0.475381029654963,0.472770869793397
"rep9_fold1",0.510835730726168,0.478342112059657,0.482607902617184,0.486604664453021,0.465729671383015,0.488321256795212,0.492816501873666,0.492872742925715,0.478931704303335,0.477095799305119,0.477931931162871
"rep9_fold2",0.526654177987814,0.439979854640703,0.46734414890589,0.448465658868414,0.458762659913086,0.446939664620778,0.441932210230218,0.449974140887869,0.445129469035698,0.445975259552276,0.433504117072219
"rep9_fold3",0.484575280210073,0.44403932133009,0.440465125041455,0.443461385017215,0.437609364003676,0.452184385609179,0.435494064225249,0.441271076583461,0.437808474293498,0.445573992714168,0.440390172001106
"rep9_fold4",0.441081373791057,0.427311664586497,0.43285711572974,0.432859446560322,0.442501737139919,0.423238211391062,0.434488868722523,0.428710977160539,0.423683958963578,0.426383911634594,0.427792866740948
"rep9_fold5",0.430422622948505,0.382211466497907,0.393693497196249,0.383277370191321,0.39098233377272,0.378937752993023,0.371739327275413,0.382953935132845,0.388729785030488,0.382213666665305,0.374428841171202
"rep9_fold6",0.533901753705257,0.504174873327209,0.521469071097144,0.506017746297378,0.52647223295492,0.51279231312754,0.525757853152645,0.502926075190291,0.51282393732803,0.495576154957695,0.505572997034854
"rep9_fold7",0.462681982063354,0.448577427442192,0.45097777411048,0.459141139750159,0.455561843422229,0.448460078058098,0.447219505315338,0.446928016427076,0.457334012175386,0.452703253016452,0.453628034704046
"rep9_fold8",0.483836488526666,0.469330849424038,0.475813169712202,0.478147570951759,0.461598195112582,0.48659528901702,0.45419306193716,0.454192393415516,0.463414576404551,0.465706088186195,0.461647660460246
"rep9_fold9",0.418568199066041,0.375701863379336,0.377670680478659,0.38233525027006,0.3827927384939,0.378082105795267,0.382128972748308,0.372584680622217,0.387366375377712,0.383568399618919,0.382705153709327
"rep9_fold10",0.516557124231364,0.478246610598441,0.484531601899805,0.48233319715254,0.479045590398763,0.467712739513128,0.48283516492335,0.480996523705239,0.466753151368536,0.467187048599713,0.477466468107036
"rep10_fold1",0.510835730726168,0.478342112059657,0.491440721389058,0.475314596170481,0.473051436925705,0.482306137865903,0.484718022838963,0.480248005008592,0.482474484567862,0.480911608778473,0.483533252115194
"rep10_fold2",0.526654177987814,0.439979854640703,0.447507997664082,0.485010321021806,0.444983389590105,0.455564048501623,0.456422514088368,0.459964584744546,0.445695846297425,0.448692261679875,0.439073546770267
"rep10_fold3",0.484575280210073,0.44403932133009,0.443060943845248,0.439448531008935,0.446401097335591,0.431066785557019,0.444254772671341,0.444624072985904,0.434468433623654,0.433336155128518,0.438426001257297
"rep10_fold4",0.441081373791057,0.427311664586497,0.420369236994316,0.43880144446539,0.435957747743724,0.428482997879096,0.41820576205332,0.426814741163139,0.424325158832642,0.423553835235023,0.424959337555365
"rep10_fold5",0.430422622948505,0.382211466497907,0.383454848282378,0.39073816151921,0.368106552385952,0.377733155185019,0.378974724949606,0.387630117225437,0.387763217516783,0.377631433484973,0.381762124329463
"rep10_fold6",0.533901753705257,0.504174873327209,0.516381784748849,0.507036499286641,0.523884592129421,0.517309500111485,0.533901012706608,0.508404257987649,0.498477529749805,0.522073225636263,0.511440750847951
"rep10_fold7",0.462681982063354,0.448577427442192,0.447846033750098,0.447990680791999,0.454194958955728,0.463908949715887,0.443279411176128,0.453205000971081,0.442523462952895,0.449365551824545,0.460897744966096
"rep10_fold8",0.483836488526666,0.469330849424038,0.475075811236034,0.462374295463109,0.457882419081595,0.465619036693599,0.456101798982071,0.475630635053559,0.476144598581994,0.472552849602316,0.445342160068852
"rep10_fold9",0.418568199066041,0.375701863379336,0.376777498478635,0.391776479595598,0.369512078047832,0.377207075216592,0.380257557109907,0.378146898951948,0.37803226235943,0.375673613718769,0.376356398756221
"rep10_fold10",0.516557124231364,0.478246610598441,0.452983836993167,0.484964602146471,0.479585637747343,0.47709711044505,0.473622027522714,0.47729505466746,0.458798023958196,0.480936812851784,0.469203718452528
