"","GLMM_tree","Bart","BaBart_N*2","BaBart_N*3","BaBart_N*4","BaBart_N*5","BaBart_N*6","BaBart_N*7","BaBart_N*8","BaBart_N*9","BaBart_N*10"
"rep1_fold1",9,NA,34,41,47,48,66,57,60,64,65
"rep1_fold2",12,NA,40,42,48,46,62,60,71,58,64
"rep1_fold3",10,NA,32,35,48,51,54,62,61,65,53
"rep1_fold4",8,NA,38,40,47,49,58,54,64,59,59
"rep1_fold5",10,NA,41,41,45,53,61,54,55,62,66
"rep1_fold6",8,NA,33,50,45,45,52,50,67,70,70
"rep1_fold7",8,NA,34,41,47,51,47,56,76,68,75
"rep1_fold8",10,NA,39,44,48,54,58,55,61,66,54
"rep1_fold9",8,NA,39,46,49,49,62,58,67,68,75
"rep1_fold10",9,NA,38,41,43,57,74,60,69,64,66
"rep2_fold1",10,NA,35,47,42,64,59,62,60,78,71
"rep2_fold2",9,NA,43,49,46,57,56,60,61,52,71
"rep2_fold3",11,NA,37,40,58,50,45,66,61,78,63
"rep2_fold4",8,NA,32,42,46,53,56,66,55,70,79
"rep2_fold5",12,NA,35,50,47,52,52,54,56,68,70
"rep2_fold6",8,NA,36,48,52,53,66,60,65,69,74
"rep2_fold7",9,NA,39,50,54,46,60,62,60,55,57
"rep2_fold8",10,NA,36,50,43,47,56,71,67,70,69
"rep2_fold9",10,NA,43,43,49,43,55,58,54,47,55
"rep2_fold10",10,NA,46,39,48,45,68,55,57,66,65
"rep3_fold1",10,NA,48,49,42,48,59,63,67,69,71
"rep3_fold2",9,NA,32,45,55,53,57,57,63,56,64
"rep3_fold3",11,NA,42,46,47,47,50,53,51,59,74
"rep3_fold4",8,NA,40,42,45,48,65,54,63,67,66
"rep3_fold5",12,NA,32,49,46,59,54,64,66,73,66
"rep3_fold6",8,NA,39,41,57,53,57,61,70,66,63
"rep3_fold7",9,NA,37,40,49,54,54,55,62,65,74
"rep3_fold8",10,NA,41,43,56,45,57,59,60,77,66
"rep3_fold9",10,NA,35,35,43,53,51,46,66,57,59
"rep3_fold10",10,NA,33,39,44,58,44,58,59,69,83
"rep4_fold1",10,NA,45,44,54,49,60,60,62,69,66
"rep4_fold2",9,NA,37,44,61,53,60,53,60,69,77
"rep4_fold3",11,NA,38,40,43,56,69,59,61,63,65
"rep4_fold4",8,NA,34,49,54,59,56,60,66,70,74
"rep4_fold5",12,NA,37,42,47,54,45,52,63,60,57
"rep4_fold6",8,NA,36,45,48,49,58,56,64,64,80
"rep4_fold7",9,NA,40,43,44,52,59,72,62,67,64
"rep4_fold8",10,NA,44,40,53,51,70,54,59,72,72
"rep4_fold9",10,NA,28,45,46,46,46,52,67,51,54
"rep4_fold10",10,NA,36,37,47,52,53,64,59,69,62
"rep5_fold1",10,NA,38,46,53,61,55,54,70,68,82
"rep5_fold2",9,NA,45,41,46,54,60,64,56,70,78
"rep5_fold3",11,NA,47,47,59,53,56,50,83,68,64
"rep5_fold4",8,NA,44,49,53,57,58,53,61,67,61
"rep5_fold5",12,NA,37,45,56,52,78,50,54,72,67
"rep5_fold6",8,NA,38,46,51,55,60,66,57,68,65
"rep5_fold7",9,NA,46,50,42,48,53,53,59,67,66
"rep5_fold8",10,NA,33,38,46,55,61,58,64,78,72
"rep5_fold9",10,NA,31,39,41,45,50,47,51,58,58
"rep5_fold10",10,NA,44,39,46,47,53,56,63,85,63
"rep6_fold1",10,NA,33,46,46,52,50,65,58,63,69
"rep6_fold2",9,NA,43,53,41,52,49,58,61,62,61
"rep6_fold3",11,NA,32,55,60,58,57,52,58,67,59
"rep6_fold4",8,NA,31,47,40,50,54,54,67,58,59
"rep6_fold5",12,NA,43,43,57,57,66,63,69,62,82
"rep6_fold6",8,NA,42,44,50,53,49,72,68,68,67
"rep6_fold7",9,NA,38,45,50,54,49,69,57,56,67
"rep6_fold8",10,NA,35,48,45,47,47,50,68,69,77
"rep6_fold9",10,NA,30,36,43,63,43,61,54,63,53
"rep6_fold10",10,NA,41,43,48,45,61,57,65,61,59
"rep7_fold1",10,NA,46,48,39,59,53,61,57,66,66
"rep7_fold2",9,NA,45,46,49,49,65,55,63,67,69
"rep7_fold3",11,NA,35,38,50,50,70,61,65,64,75
"rep7_fold4",8,NA,33,37,54,44,64,67,51,62,64
"rep7_fold5",12,NA,32,38,52,50,69,53,72,63,61
"rep7_fold6",8,NA,39,49,52,52,58,62,59,70,65
"rep7_fold7",9,NA,38,45,51,49,60,56,62,64,76
"rep7_fold8",10,NA,35,39,41,45,58,57,66,60,90
"rep7_fold9",10,NA,39,47,39,50,41,61,48,60,60
"rep7_fold10",10,NA,44,47,41,53,56,51,63,55,67
"rep8_fold1",10,NA,35,41,56,65,62,54,56,64,74
"rep8_fold2",9,NA,34,49,51,53,53,69,63,71,67
"rep8_fold3",11,NA,44,48,40,53,57,69,64,71,62
"rep8_fold4",8,NA,35,49,50,48,60,51,64,64,71
"rep8_fold5",12,NA,36,45,46,48,60,55,58,67,68
"rep8_fold6",8,NA,45,41,52,50,56,66,74,67,76
"rep8_fold7",9,NA,44,38,50,54,51,55,56,61,72
"rep8_fold8",10,NA,33,44,50,57,61,60,67,57,81
"rep8_fold9",10,NA,33,46,40,55,55,44,55,61,65
"rep8_fold10",10,NA,38,41,42,55,49,56,77,61,66
"rep9_fold1",10,NA,49,46,47,46,63,56,63,65,73
"rep9_fold2",9,NA,40,55,49,63,50,60,66,61,63
"rep9_fold3",11,NA,37,39,47,56,47,57,69,59,79
"rep9_fold4",8,NA,35,44,45,54,49,59,65,66,69
"rep9_fold5",12,NA,46,37,55,53,53,53,61,58,71
"rep9_fold6",8,NA,38,44,50,55,59,58,67,71,79
"rep9_fold7",9,NA,38,37,54,52,52,52,53,72,65
"rep9_fold8",10,NA,34,40,53,53,57,69,60,64,71
"rep9_fold9",10,NA,34,40,52,37,48,57,60,64,54
"rep9_fold10",10,NA,44,36,53,47,56,61,60,63,66
"rep10_fold1",10,NA,45,41,48,61,52,53,63,64,69
"rep10_fold2",9,NA,32,50,48,47,49,74,63,63,60
"rep10_fold3",11,NA,35,43,49,61,66,55,55,71,49
"rep10_fold4",8,NA,42,43,50,52,58,55,70,57,71
"rep10_fold5",12,NA,35,39,51,59,68,57,61,76,68
"rep10_fold6",8,NA,36,40,49,57,55,67,67,88,71
"rep10_fold7",9,NA,35,43,47,51,64,64,57,59,57
"rep10_fold8",10,NA,27,43,50,65,60,53,63,74,82
"rep10_fold9",10,NA,35,44,44,42,51,57,49,55,62
"rep10_fold10",10,NA,35,47,42,52,60,56,56,63,69
