"","GLMM_tree","Bart","BaBart_N*1","BaBart_N*5","BaBart_N*10"
"rep1_fold1",0.699320885876012,0.603087471865163,0.639800949201111,0.61959095496327,0.602594722866482
"rep1_fold2",0.607450402602624,0.594696109705378,0.617748728297664,0.595417637917633,0.594705067701726
"rep1_fold3",0.859320748118442,0.739352512749103,0.831365327797242,0.757255832132144,0.738413142625925
"rep1_fold4",0.738993118597784,0.767338918917064,0.821822529277094,0.755885007724899,0.769807617265638
"rep1_fold5",0.769194924074862,0.735726032960563,0.736519715380579,0.736333312946432,0.739867443693392
"rep1_fold6",0.794216272214289,0.760263100234667,0.758137168391767,0.762896355319555,0.767725973389057
"rep1_fold7",0.766459597332779,0.708584649388543,0.716143847885827,0.728088122277798,0.699258077330711
"rep1_fold8",0.718171054247751,0.64472844333732,0.633869688903897,0.66585464214084,0.656224235720549
"rep1_fold9",0.756582968391185,0.694786056588315,0.703179612144329,0.70421342043905,0.693213785380225
"rep1_fold10",0.675382729484051,0.69177297178683,0.677895405276851,0.672695658580843,0.69620571334727
"rep2_fold1",0.614144504580249,0.546185010008982,0.558919577277987,0.547851972300885,0.542912671509747
"rep2_fold2",0.779777311299422,0.705653401093618,0.695930764679227,0.722279145810716,0.716946499856074
"rep2_fold3",0.714867110681497,0.708626983673361,0.749562427512886,0.717422508143596,0.707563430309601
"rep2_fold4",0.778800677823972,0.728507819238847,0.796946329087548,0.73672890978946,0.73658875692823
"rep2_fold5",0.766579548798334,0.735340517664368,0.754084401863648,0.752711395680353,0.727924197743654
"rep2_fold6",0.758242515079463,0.669861523713036,0.704486733222196,0.688584583769682,0.673772958638514
"rep2_fold7",0.613421682169339,0.544493700820621,0.578572094494013,0.556206309564798,0.544314694155897
"rep2_fold8",0.718031485404033,0.666950129814565,0.700660045725958,0.67869038352967,0.662919154739604
"rep2_fold9",0.872414358737455,0.889551446866625,0.891353430167049,0.905859667659376,0.891674162350256
"rep2_fold10",0.775363009038837,0.732504554501428,0.717681795090884,0.716049432453915,0.730168407228585
"rep3_fold1",0.614144504580249,0.546185010008982,0.558919577277987,0.547851972300885,0.542912671509747
"rep3_fold2",0.779777311299422,0.705653401093618,0.695930764679227,0.722279145810716,0.716946499856074
"rep3_fold3",0.714867110681497,0.708626983673361,0.749562427512886,0.717422508143596,0.707563430309601
"rep3_fold4",0.778800677823972,0.728507819238847,0.796946329087548,0.73672890978946,0.73658875692823
"rep3_fold5",0.766579548798334,0.735340517664368,0.754084401863648,0.752711395680353,0.727924197743654
"rep3_fold6",0.758242515079463,0.669861523713036,0.704486733222196,0.688584583769682,0.673772958638514
"rep3_fold7",0.613421682169339,0.544493700820621,0.578572094494013,0.556206309564798,0.544314694155897
"rep3_fold8",0.718031485404033,0.666950129814565,0.700660045725958,0.67869038352967,0.662919154739604
"rep3_fold9",0.872414358737455,0.889551446866625,0.891353430167049,0.905859667659376,0.891674162350256
"rep3_fold10",0.775363009038837,0.732504554501428,0.717681795090884,0.716049432453915,0.730168407228585
"rep4_fold1",0.614144504580249,0.546185010008982,0.558919577277987,0.547851972300885,0.542912671509747
"rep4_fold2",0.779777311299422,0.705653401093618,0.695930764679227,0.722279145810716,0.716946499856074
"rep4_fold3",0.714867110681497,0.708626983673361,0.749562427512886,0.717422508143596,0.707563430309601
"rep4_fold4",0.778800677823972,0.728507819238847,0.796946329087548,0.73672890978946,0.73658875692823
"rep4_fold5",0.766579548798334,0.735340517664368,0.754084401863648,0.752711395680353,0.727924197743654
"rep4_fold6",0.758242515079463,0.669861523713036,0.704486733222196,0.688584583769682,0.673772958638514
"rep4_fold7",0.613421682169339,0.544493700820621,0.578572094494013,0.556206309564798,0.544314694155897
"rep4_fold8",0.718031485404033,0.666950129814565,0.700660045725958,0.67869038352967,0.662919154739604
"rep4_fold9",0.872414358737455,0.889551446866625,0.891353430167049,0.905859667659376,0.891674162350256
"rep4_fold10",0.775363009038837,0.732504554501428,0.717681795090884,0.716049432453915,0.730168407228585
"rep5_fold1",0.614144504580249,0.546185010008982,0.558919577277987,0.547851972300885,0.542912671509747
"rep5_fold2",0.779777311299422,0.705653401093618,0.695930764679227,0.722279145810716,0.716946499856074
"rep5_fold3",0.714867110681497,0.708626983673361,0.749562427512886,0.717422508143596,0.707563430309601
"rep5_fold4",0.778800677823972,0.728507819238847,0.796946329087548,0.73672890978946,0.73658875692823
"rep5_fold5",0.766579548798334,0.735340517664368,0.754084401863648,0.752711395680353,0.727924197743654
"rep5_fold6",0.758242515079463,0.669861523713036,0.704486733222196,0.688584583769682,0.673772958638514
"rep5_fold7",0.613421682169339,0.544493700820621,0.578572094494013,0.556206309564798,0.544314694155897
"rep5_fold8",0.718031485404033,0.666950129814565,0.700660045725958,0.67869038352967,0.662919154739604
"rep5_fold9",0.872414358737455,0.889551446866625,0.891353430167049,0.905859667659376,0.891674162350256
"rep5_fold10",0.775363009038837,0.732504554501428,0.717681795090884,0.716049432453915,0.730168407228585
"rep6_fold1",0.614144504580249,0.546185010008982,0.558919577277987,0.547851972300885,0.542912671509747
"rep6_fold2",0.779777311299422,0.705653401093618,0.695930764679227,0.722279145810716,0.716946499856074
"rep6_fold3",0.714867110681497,0.708626983673361,0.749562427512886,0.717422508143596,0.707563430309601
"rep6_fold4",0.778800677823972,0.728507819238847,0.796946329087548,0.73672890978946,0.73658875692823
"rep6_fold5",0.766579548798334,0.735340517664368,0.754084401863648,0.752711395680353,0.727924197743654
"rep6_fold6",0.758242515079463,0.669861523713036,0.704486733222196,0.688584583769682,0.673772958638514
"rep6_fold7",0.613421682169339,0.544493700820621,0.578572094494013,0.556206309564798,0.544314694155897
"rep6_fold8",0.718031485404033,0.666950129814565,0.700660045725958,0.67869038352967,0.662919154739604
"rep6_fold9",0.872414358737455,0.889551446866625,0.891353430167049,0.905859667659376,0.891674162350256
"rep6_fold10",0.775363009038837,0.732504554501428,0.717681795090884,0.716049432453915,0.730168407228585
"rep7_fold1",0.614144504580249,0.546185010008982,0.558919577277987,0.547851972300885,0.542912671509747
"rep7_fold2",0.779777311299422,0.705653401093618,0.695930764679227,0.722279145810716,0.716946499856074
"rep7_fold3",0.714867110681497,0.708626983673361,0.749562427512886,0.717422508143596,0.707563430309601
"rep7_fold4",0.778800677823972,0.728507819238847,0.796946329087548,0.73672890978946,0.73658875692823
"rep7_fold5",0.766579548798334,0.735340517664368,0.754084401863648,0.752711395680353,0.727924197743654
"rep7_fold6",0.758242515079463,0.669861523713036,0.704486733222196,0.688584583769682,0.673772958638514
"rep7_fold7",0.613421682169339,0.544493700820621,0.578572094494013,0.556206309564798,0.544314694155897
"rep7_fold8",0.718031485404033,0.666950129814565,0.700660045725958,0.67869038352967,0.662919154739604
"rep7_fold9",0.872414358737455,0.889551446866625,0.891353430167049,0.905859667659376,0.891674162350256
"rep7_fold10",0.775363009038837,0.732504554501428,0.717681795090884,0.716049432453915,0.730168407228585
"rep8_fold1",0.614144504580249,0.546185010008982,0.558919577277987,0.547851972300885,0.542912671509747
"rep8_fold2",0.779777311299422,0.705653401093618,0.695930764679227,0.722279145810716,0.716946499856074
"rep8_fold3",0.714867110681497,0.708626983673361,0.749562427512886,0.717422508143596,0.707563430309601
"rep8_fold4",0.778800677823972,0.728507819238847,0.796946329087548,0.73672890978946,0.73658875692823
"rep8_fold5",0.766579548798334,0.735340517664368,0.754084401863648,0.752711395680353,0.727924197743654
"rep8_fold6",0.758242515079463,0.669861523713036,0.704486733222196,0.688584583769682,0.673772958638514
"rep8_fold7",0.613421682169339,0.544493700820621,0.578572094494013,0.556206309564798,0.544314694155897
"rep8_fold8",0.718031485404033,0.666950129814565,0.700660045725958,0.67869038352967,0.662919154739604
"rep8_fold9",0.872414358737455,0.889551446866625,0.891353430167049,0.905859667659376,0.891674162350256
"rep8_fold10",0.775363009038837,0.732504554501428,0.717681795090884,0.716049432453915,0.730168407228585
"rep9_fold1",0.614144504580249,0.546185010008982,0.558919577277987,0.547851972300885,0.542912671509747
"rep9_fold2",0.779777311299422,0.705653401093618,0.695930764679227,0.722279145810716,0.716946499856074
"rep9_fold3",0.714867110681497,0.708626983673361,0.749562427512886,0.717422508143596,0.707563430309601
"rep9_fold4",0.778800677823972,0.728507819238847,0.796946329087548,0.73672890978946,0.73658875692823
"rep9_fold5",0.766579548798334,0.735340517664368,0.754084401863648,0.752711395680353,0.727924197743654
"rep9_fold6",0.758242515079463,0.669861523713036,0.704486733222196,0.688584583769682,0.673772958638514
"rep9_fold7",0.613421682169339,0.544493700820621,0.578572094494013,0.556206309564798,0.544314694155897
"rep9_fold8",0.718031485404033,0.666950129814565,0.700660045725958,0.67869038352967,0.662919154739604
"rep9_fold9",0.872414358737455,0.889551446866625,0.891353430167049,0.905859667659376,0.891674162350256
"rep9_fold10",0.775363009038837,0.732504554501428,0.717681795090884,0.716049432453915,0.730168407228585
"rep10_fold1",0.614144504580249,0.546185010008982,0.558919577277987,0.547851972300885,0.542912671509747
"rep10_fold2",0.779777311299422,0.705653401093618,0.695930764679227,0.722279145810716,0.716946499856074
"rep10_fold3",0.714867110681497,0.708626983673361,0.749562427512886,0.717422508143596,0.707563430309601
"rep10_fold4",0.778800677823972,0.728507819238847,0.796946329087548,0.73672890978946,0.73658875692823
"rep10_fold5",0.766579548798334,0.735340517664368,0.754084401863648,0.752711395680353,0.727924197743654
"rep10_fold6",0.758242515079463,0.669861523713036,0.704486733222196,0.688584583769682,0.673772958638514
"rep10_fold7",0.613421682169339,0.544493700820621,0.578572094494013,0.556206309564798,0.544314694155897
"rep10_fold8",0.718031485404033,0.666950129814565,0.700660045725958,0.67869038352967,0.662919154739604
"rep10_fold9",0.872414358737455,0.889551446866625,0.891353430167049,0.905859667659376,0.891674162350256
"rep10_fold10",0.775363009038837,0.732504554501428,0.717681795090884,0.716049432453915,0.730168407228585
