"","GLMM_tree","Bart","BaBart_N*1","BaBart_N*5","BaBart_N*10"
"rep1_fold1",0.699320885876012,0.603087471865163,2.86436502976571e-06,9.27802333870994e-05,2.56048176592294e-09
"rep1_fold2",0.607450402602624,0.594696109705378,0.00812359379725081,0.00965129937612162,0.00851101338892043
"rep1_fold3",0.859320748118442,0.739352512749103,0.0131597246242791,0.0085656281809456,0.0106127050017179
"rep1_fold4",0.738993118597784,0.767338918917064,0.00825374558653599,0.00352600404917388,0.00911711537456235
"rep1_fold5",0.769194924074862,0.735726032960563,0.000109844346210018,0.00091027438529438,0.000503130882281628
"rep1_fold6",0.794216272214289,0.760263100234667,0.00486223145812696,0.00230516095274701,0.00181252274719625
"rep1_fold7",0.766459597332779,0.708584649388543,7.92526085269071e-05,0.00127097579702919,0.00100048561033818
"rep1_fold8",0.718171054247751,0.64472844333732,0.0100290866459898,0.0120076913102908,0.0109490261885992
"rep1_fold9",0.756582968391185,0.694786056588315,1.05776557906734e-05,3.72046851473001e-06,0.000100577424724303
"rep1_fold10",0.675382729484051,0.69177297178683,0.00232953790597696,0.0051170084827132,0.00408903625935915
"rep2_fold1",0.614144504580249,0.546185010008982,0.000129774851677329,0.000160064974412622,0.000177487542907959
"rep2_fold2",0.779777311299422,0.705653401093618,0.00772250476319925,0.00946263193316707,0.0109105915644522
"rep2_fold3",0.714867110681497,0.708626983673361,0.000222661575676981,0.00106650853343695,0.000352772691684032
"rep2_fold4",0.778800677823972,0.728507819238847,0.00562967974081759,0.0090432853102888,0.00914855521645183
"rep2_fold5",0.766579548798334,0.735340517664368,0.00107845165995537,2.66492225958059e-05,5.03641786526379e-05
"rep2_fold6",0.758242515079463,0.669861523713036,0.000271184606707242,9.6003556760704e-06,1.52631480043792e-09
"rep2_fold7",0.613421682169339,0.544493700820621,0.00660506794294384,0.00725223289516268,0.00779014112085642
"rep2_fold8",0.718031485404033,0.666950129814565,0.00399399370831331,0.00291469236446306,0.00242826894495278
"rep2_fold9",0.872414358737455,0.889551446866625,0.0206890365826377,0.0204741291591542,0.022897199542983
"rep2_fold10",0.775363009038837,0.732504554501428,0.0132650395298037,0.0204835620972563,0.0180929431176526
"rep3_fold1",0.614144504580249,0.546185010008982,0.000129774851677329,0.000160064974412622,0.000177487542907959
"rep3_fold2",0.779777311299422,0.705653401093618,0.00772250476319925,0.00946263193316707,0.0109105915644522
"rep3_fold3",0.714867110681497,0.708626983673361,0.000222661575676981,0.00106650853343695,0.000352772691684032
"rep3_fold4",0.778800677823972,0.728507819238847,0.00562967974081759,0.0090432853102888,0.00914855521645183
"rep3_fold5",0.766579548798334,0.735340517664368,0.00107845165995537,2.66492225958059e-05,5.03641786526379e-05
"rep3_fold6",0.758242515079463,0.669861523713036,0.000271184606707242,9.6003556760704e-06,1.52631480043792e-09
"rep3_fold7",0.613421682169339,0.544493700820621,0.00660506794294384,0.00725223289516268,0.00779014112085642
"rep3_fold8",0.718031485404033,0.666950129814565,0.00399399370831331,0.00291469236446306,0.00242826894495278
"rep3_fold9",0.872414358737455,0.889551446866625,0.0206890365826377,0.0204741291591542,0.022897199542983
"rep3_fold10",0.775363009038837,0.732504554501428,0.0132650395298037,0.0204835620972563,0.0180929431176526
"rep4_fold1",0.614144504580249,0.546185010008982,0.000129774851677329,0.000160064974412622,0.000177487542907959
"rep4_fold2",0.779777311299422,0.705653401093618,0.00772250476319925,0.00946263193316707,0.0109105915644522
"rep4_fold3",0.714867110681497,0.708626983673361,0.000222661575676981,0.00106650853343695,0.000352772691684032
"rep4_fold4",0.778800677823972,0.728507819238847,0.00562967974081759,0.0090432853102888,0.00914855521645183
"rep4_fold5",0.766579548798334,0.735340517664368,0.00107845165995537,2.66492225958059e-05,5.03641786526379e-05
"rep4_fold6",0.758242515079463,0.669861523713036,0.000271184606707242,9.6003556760704e-06,1.52631480043792e-09
"rep4_fold7",0.613421682169339,0.544493700820621,0.00660506794294384,0.00725223289516268,0.00779014112085642
"rep4_fold8",0.718031485404033,0.666950129814565,0.00399399370831331,0.00291469236446306,0.00242826894495278
"rep4_fold9",0.872414358737455,0.889551446866625,0.0206890365826377,0.0204741291591542,0.022897199542983
"rep4_fold10",0.775363009038837,0.732504554501428,0.0132650395298037,0.0204835620972563,0.0180929431176526
"rep5_fold1",0.614144504580249,0.546185010008982,0.000129774851677329,0.000160064974412622,0.000177487542907959
"rep5_fold2",0.779777311299422,0.705653401093618,0.00772250476319925,0.00946263193316707,0.0109105915644522
"rep5_fold3",0.714867110681497,0.708626983673361,0.000222661575676981,0.00106650853343695,0.000352772691684032
"rep5_fold4",0.778800677823972,0.728507819238847,0.00562967974081759,0.0090432853102888,0.00914855521645183
"rep5_fold5",0.766579548798334,0.735340517664368,0.00107845165995537,2.66492225958059e-05,5.03641786526379e-05
"rep5_fold6",0.758242515079463,0.669861523713036,0.000271184606707242,9.6003556760704e-06,1.52631480043792e-09
"rep5_fold7",0.613421682169339,0.544493700820621,0.00660506794294384,0.00725223289516268,0.00779014112085642
"rep5_fold8",0.718031485404033,0.666950129814565,0.00399399370831331,0.00291469236446306,0.00242826894495278
"rep5_fold9",0.872414358737455,0.889551446866625,0.0206890365826377,0.0204741291591542,0.022897199542983
"rep5_fold10",0.775363009038837,0.732504554501428,0.0132650395298037,0.0204835620972563,0.0180929431176526
"rep6_fold1",0.614144504580249,0.546185010008982,0.000129774851677329,0.000160064974412622,0.000177487542907959
"rep6_fold2",0.779777311299422,0.705653401093618,0.00772250476319925,0.00946263193316707,0.0109105915644522
"rep6_fold3",0.714867110681497,0.708626983673361,0.000222661575676981,0.00106650853343695,0.000352772691684032
"rep6_fold4",0.778800677823972,0.728507819238847,0.00562967974081759,0.0090432853102888,0.00914855521645183
"rep6_fold5",0.766579548798334,0.735340517664368,0.00107845165995537,2.66492225958059e-05,5.03641786526379e-05
"rep6_fold6",0.758242515079463,0.669861523713036,0.000271184606707242,9.6003556760704e-06,1.52631480043792e-09
"rep6_fold7",0.613421682169339,0.544493700820621,0.00660506794294384,0.00725223289516268,0.00779014112085642
"rep6_fold8",0.718031485404033,0.666950129814565,0.00399399370831331,0.00291469236446306,0.00242826894495278
"rep6_fold9",0.872414358737455,0.889551446866625,0.0206890365826377,0.0204741291591542,0.022897199542983
"rep6_fold10",0.775363009038837,0.732504554501428,0.0132650395298037,0.0204835620972563,0.0180929431176526
"rep7_fold1",0.614144504580249,0.546185010008982,0.000129774851677329,0.000160064974412622,0.000177487542907959
"rep7_fold2",0.779777311299422,0.705653401093618,0.00772250476319925,0.00946263193316707,0.0109105915644522
"rep7_fold3",0.714867110681497,0.708626983673361,0.000222661575676981,0.00106650853343695,0.000352772691684032
"rep7_fold4",0.778800677823972,0.728507819238847,0.00562967974081759,0.0090432853102888,0.00914855521645183
"rep7_fold5",0.766579548798334,0.735340517664368,0.00107845165995537,2.66492225958059e-05,5.03641786526379e-05
"rep7_fold6",0.758242515079463,0.669861523713036,0.000271184606707242,9.6003556760704e-06,1.52631480043792e-09
"rep7_fold7",0.613421682169339,0.544493700820621,0.00660506794294384,0.00725223289516268,0.00779014112085642
"rep7_fold8",0.718031485404033,0.666950129814565,0.00399399370831331,0.00291469236446306,0.00242826894495278
"rep7_fold9",0.872414358737455,0.889551446866625,0.0206890365826377,0.0204741291591542,0.022897199542983
"rep7_fold10",0.775363009038837,0.732504554501428,0.0132650395298037,0.0204835620972563,0.0180929431176526
"rep8_fold1",0.614144504580249,0.546185010008982,0.000129774851677329,0.000160064974412622,0.000177487542907959
"rep8_fold2",0.779777311299422,0.705653401093618,0.00772250476319925,0.00946263193316707,0.0109105915644522
"rep8_fold3",0.714867110681497,0.708626983673361,0.000222661575676981,0.00106650853343695,0.000352772691684032
"rep8_fold4",0.778800677823972,0.728507819238847,0.00562967974081759,0.0090432853102888,0.00914855521645183
"rep8_fold5",0.766579548798334,0.735340517664368,0.00107845165995537,2.66492225958059e-05,5.03641786526379e-05
"rep8_fold6",0.758242515079463,0.669861523713036,0.000271184606707242,9.6003556760704e-06,1.52631480043792e-09
"rep8_fold7",0.613421682169339,0.544493700820621,0.00660506794294384,0.00725223289516268,0.00779014112085642
"rep8_fold8",0.718031485404033,0.666950129814565,0.00399399370831331,0.00291469236446306,0.00242826894495278
"rep8_fold9",0.872414358737455,0.889551446866625,0.0206890365826377,0.0204741291591542,0.022897199542983
"rep8_fold10",0.775363009038837,0.732504554501428,0.0132650395298037,0.0204835620972563,0.0180929431176526
"rep9_fold1",0.614144504580249,0.546185010008982,0.000129774851677329,0.000160064974412622,0.000177487542907959
"rep9_fold2",0.779777311299422,0.705653401093618,0.00772250476319925,0.00946263193316707,0.0109105915644522
"rep9_fold3",0.714867110681497,0.708626983673361,0.000222661575676981,0.00106650853343695,0.000352772691684032
"rep9_fold4",0.778800677823972,0.728507819238847,0.00562967974081759,0.0090432853102888,0.00914855521645183
"rep9_fold5",0.766579548798334,0.735340517664368,0.00107845165995537,2.66492225958059e-05,5.03641786526379e-05
"rep9_fold6",0.758242515079463,0.669861523713036,0.000271184606707242,9.6003556760704e-06,1.52631480043792e-09
"rep9_fold7",0.613421682169339,0.544493700820621,0.00660506794294384,0.00725223289516268,0.00779014112085642
"rep9_fold8",0.718031485404033,0.666950129814565,0.00399399370831331,0.00291469236446306,0.00242826894495278
"rep9_fold9",0.872414358737455,0.889551446866625,0.0206890365826377,0.0204741291591542,0.022897199542983
"rep9_fold10",0.775363009038837,0.732504554501428,0.0132650395298037,0.0204835620972563,0.0180929431176526
"rep10_fold1",0.614144504580249,0.546185010008982,0.000129774851677329,0.000160064974412622,0.000177487542907959
"rep10_fold2",0.779777311299422,0.705653401093618,0.00772250476319925,0.00946263193316707,0.0109105915644522
"rep10_fold3",0.714867110681497,0.708626983673361,0.000222661575676981,0.00106650853343695,0.000352772691684032
"rep10_fold4",0.778800677823972,0.728507819238847,0.00562967974081759,0.0090432853102888,0.00914855521645183
"rep10_fold5",0.766579548798334,0.735340517664368,0.00107845165995537,2.66492225958059e-05,5.03641786526379e-05
"rep10_fold6",0.758242515079463,0.669861523713036,0.000271184606707242,9.6003556760704e-06,1.52631480043792e-09
"rep10_fold7",0.613421682169339,0.544493700820621,0.00660506794294384,0.00725223289516268,0.00779014112085642
"rep10_fold8",0.718031485404033,0.666950129814565,0.00399399370831331,0.00291469236446306,0.00242826894495278
"rep10_fold9",0.872414358737455,0.889388937669958,0.023929267207122,0.0216270524416904,0.0229195742226083
"rep10_fold10",0.775363009038837,0.732504554501428,0.0132650395298037,0.0204835620972563,0.0180929431176526
