"","Smearing_N*1_palt=0.25","Smearing_N*5_palt=0.25","Smearing_N*1_palt=0.5","Smearing_N*5_palt=0.5"
"rep1_fold1",0.228344517481884,0.23193530833242,0.395120272623296,0.414058165375094
"rep1_fold2",0.219852733732068,0.230862307876053,0.431837132269213,0.457105031059162
"rep1_fold3",0.270969085984036,0.256140957111724,0.505335759260753,0.513789628363408
"rep1_fold4",0.293995623808904,0.258781574384364,0.543187140758326,0.536611846592806
"rep1_fold5",0.21983369693592,0.227709102045148,0.441896011144809,0.462384932913338
"rep1_fold6",0.219564208355911,0.201752829084968,0.501058943647275,0.448512267698372
"rep1_fold7",0.268371850744025,0.25700086789409,0.533144227586513,0.491529847623911
"rep1_fold8",0.28905617850225,0.270043248015824,0.511619233520624,0.509172822820486
"rep1_fold9",0.29322097872672,0.238136332247288,0.475210178697829,0.47261658465005
"rep1_fold10",0.256143515489058,0.231302355112018,0.504868864211028,0.449190508106291
"rep2_fold1",0.221628771868969,0.258132601063011,0.518826462459583,0.479285925890617
"rep2_fold2",0.261845579557121,0.248387865344338,0.459121167306967,0.448355876968975
"rep2_fold3",0.258547287855473,0.248511413437429,0.451681263241348,0.485239368626943
"rep2_fold4",0.255604650616358,0.271570307909447,0.537889652519293,0.502161934385846
"rep2_fold5",0.278371261094988,0.260907510460453,0.567267134066391,0.542351142060455
"rep2_fold6",0.2243481001282,0.215302657000302,0.51734597678212,0.497714690087989
"rep2_fold7",0.256115986364912,0.247501368638907,0.483326550770338,0.484139711791175
"rep2_fold8",0.223921527056298,0.210627244635361,0.406164014670068,0.43756949951069
"rep2_fold9",0.202500026621167,0.197712756889162,0.408084836362078,0.390161601177355
"rep2_fold10",0.232388649617099,0.245167555084296,0.527387401649993,0.457249530389464
"rep3_fold1",0.221628771868969,0.258132601063011,0.518826462459583,0.479285925890617
"rep3_fold2",0.261845579557121,0.248387865344338,0.459121167306967,0.448355876968975
"rep3_fold3",0.258547287855473,0.248511413437429,0.451681263241348,0.485239368626943
"rep3_fold4",0.255604650616358,0.271570307909447,0.537889652519293,0.502161934385846
"rep3_fold5",0.278371261094988,0.260907510460453,0.567267134066391,0.542351142060455
"rep3_fold6",0.2243481001282,0.215302657000302,0.51734597678212,0.497714690087989
"rep3_fold7",0.256115986364912,0.247501368638907,0.483326550770338,0.484139711791175
"rep3_fold8",0.223921527056298,0.210627244635361,0.406164014670068,0.43756949951069
"rep3_fold9",0.202500026621167,0.197712756889162,0.408084836362078,0.390161601177355
"rep3_fold10",0.232388649617099,0.245167555084296,0.527387401649993,0.457249530389464
"rep4_fold1",0.221628771868969,0.258132601063011,0.518826462459583,0.479285925890617
"rep4_fold2",0.261845579557121,0.248387865344338,0.459121167306967,0.448355876968975
"rep4_fold3",0.258547287855473,0.248511413437429,0.451681263241348,0.485239368626943
"rep4_fold4",0.255604650616358,0.271570307909447,0.537889652519293,0.502161934385846
"rep4_fold5",0.278371261094988,0.260907510460453,0.567267134066391,0.542351142060455
"rep4_fold6",0.2243481001282,0.215302657000302,0.51734597678212,0.497714690087989
"rep4_fold7",0.256115986364912,0.247501368638907,0.483326550770338,0.484139711791175
"rep4_fold8",0.223921527056298,0.210627244635361,0.406164014670068,0.43756949951069
"rep4_fold9",0.202500026621167,0.197712756889162,0.408084836362078,0.390161601177355
"rep4_fold10",0.232388649617099,0.245167555084296,0.527387401649993,0.457249530389464
"rep5_fold1",0.221628771868969,0.258132601063011,0.518826462459583,0.479285925890617
"rep5_fold2",0.261845579557121,0.248387865344338,0.459121167306967,0.448355876968975
"rep5_fold3",0.258547287855473,0.248511413437429,0.451681263241348,0.485239368626943
"rep5_fold4",0.255604650616358,0.271570307909447,0.537889652519293,0.502161934385846
"rep5_fold5",0.278371261094988,0.260907510460453,0.567267134066391,0.542351142060455
"rep5_fold6",0.2243481001282,0.215302657000302,0.51734597678212,0.497714690087989
"rep5_fold7",0.256115986364912,0.247501368638907,0.483326550770338,0.484139711791175
"rep5_fold8",0.223921527056298,0.210627244635361,0.406164014670068,0.43756949951069
"rep5_fold9",0.202500026621167,0.197712756889162,0.408084836362078,0.390161601177355
"rep5_fold10",0.232388649617099,0.245167555084296,0.527387401649993,0.457249530389464
"rep6_fold1",0.221628771868969,0.258132601063011,0.518826462459583,0.479285925890617
"rep6_fold2",0.261845579557121,0.248387865344338,0.459121167306967,0.448355876968975
"rep6_fold3",0.258547287855473,0.248511413437429,0.451681263241348,0.485239368626943
"rep6_fold4",0.255604650616358,0.271570307909447,0.537889652519293,0.502161934385846
"rep6_fold5",0.278371261094988,0.260907510460453,0.567267134066391,0.542351142060455
"rep6_fold6",0.2243481001282,0.215302657000302,0.51734597678212,0.497714690087989
"rep6_fold7",0.256115986364912,0.247501368638907,0.483326550770338,0.484139711791175
"rep6_fold8",0.223921527056298,0.210627244635361,0.406164014670068,0.43756949951069
"rep6_fold9",0.202500026621167,0.197712756889162,0.408084836362078,0.390161601177355
"rep6_fold10",0.232388649617099,0.245167555084296,0.527387401649993,0.457249530389464
"rep7_fold1",0.221628771868969,0.258132601063011,0.518826462459583,0.479285925890617
"rep7_fold2",0.261845579557121,0.248387865344338,0.459121167306967,0.448355876968975
"rep7_fold3",0.258547287855473,0.248511413437429,0.451681263241348,0.485239368626943
"rep7_fold4",0.255604650616358,0.271570307909447,0.537889652519293,0.502161934385846
"rep7_fold5",0.278371261094988,0.260907510460453,0.567267134066391,0.542351142060455
"rep7_fold6",0.2243481001282,0.215302657000302,0.51734597678212,0.497714690087989
"rep7_fold7",0.256115986364912,0.247501368638907,0.483326550770338,0.484139711791175
"rep7_fold8",0.223921527056298,0.210627244635361,0.406164014670068,0.43756949951069
"rep7_fold9",0.202500026621167,0.197712756889162,0.408084836362078,0.390161601177355
"rep7_fold10",0.232388649617099,0.245167555084296,0.527387401649993,0.457249530389464
"rep8_fold1",0.221628771868969,0.258132601063011,0.518826462459583,0.479285925890617
"rep8_fold2",0.261845579557121,0.248387865344338,0.459121167306967,0.448355876968975
"rep8_fold3",0.258547287855473,0.248511413437429,0.451681263241348,0.485239368626943
"rep8_fold4",0.255604650616358,0.271570307909447,0.537889652519293,0.502161934385846
"rep8_fold5",0.278371261094988,0.260907510460453,0.567267134066391,0.542351142060455
"rep8_fold6",0.2243481001282,0.215302657000302,0.51734597678212,0.497714690087989
"rep8_fold7",0.256115986364912,0.247501368638907,0.483326550770338,0.484139711791175
"rep8_fold8",0.223921527056298,0.210627244635361,0.406164014670068,0.43756949951069
"rep8_fold9",0.202500026621167,0.197712756889162,0.408084836362078,0.390161601177355
"rep8_fold10",0.232388649617099,0.245167555084296,0.527387401649993,0.457249530389464
"rep9_fold1",0.221628771868969,0.258132601063011,0.518826462459583,0.479285925890617
"rep9_fold2",0.261845579557121,0.248387865344338,0.459121167306967,0.448355876968975
"rep9_fold3",0.258547287855473,0.248511413437429,0.451681263241348,0.485239368626943
"rep9_fold4",0.255604650616358,0.271570307909447,0.537889652519293,0.502161934385846
"rep9_fold5",0.278371261094988,0.260907510460453,0.567267134066391,0.542351142060455
"rep9_fold6",0.2243481001282,0.215302657000302,0.51734597678212,0.497714690087989
"rep9_fold7",0.256115986364912,0.247501368638907,0.483326550770338,0.484139711791175
"rep9_fold8",0.223921527056298,0.210627244635361,0.406164014670068,0.43756949951069
"rep9_fold9",0.202500026621167,0.197712756889162,0.408084836362078,0.390161601177355
"rep9_fold10",0.232388649617099,0.245167555084296,0.527387401649993,0.457249530389464
"rep10_fold1",0.221628771868969,0.258132601063011,0.518826462459583,0.479285925890617
"rep10_fold2",0.261845579557121,0.248387865344338,0.459121167306967,0.448355876968975
"rep10_fold3",0.258547287855473,0.248511413437429,0.451681263241348,0.485239368626943
"rep10_fold4",0.255604650616358,0.271570307909447,0.537889652519293,0.502161934385846
"rep10_fold5",0.278371261094988,0.260907510460453,0.567267134066391,0.542351142060455
"rep10_fold6",0.2243481001282,0.215302657000302,0.51734597678212,0.497714690087989
"rep10_fold7",0.256115986364912,0.247501368638907,0.483326550770338,0.484139711791175
"rep10_fold8",0.223921527056298,0.210627244635361,0.406164014670068,0.43756949951069
"rep10_fold9",0.202500026621167,0.197712756889162,0.408084836362078,0.390161601177355
"rep10_fold10",0.232388649617099,0.245167555084296,0.527387401649993,0.457249530389464
