"","GLMM_tree","Bart","BaBart_N*1","BaBart_N*5","BaBart_N*10"
"rep1_fold1",0.0718606133943262,0.0750563783087611,0.0907646272549325,0.0873476720668915,0.0875574375059153
"rep1_fold2",0.0545884039795068,0.0602671070690058,0.0693106512920827,0.0647732430974482,0.0640462923039534
"rep1_fold3",0.0779499607149609,0.0929592236920048,0.111035742518809,0.101122677309056,0.106960666876087
"rep1_fold4",0.0583946273968516,0.074533677206091,0.0985584076856364,0.0897492832589003,0.087516550771426
"rep1_fold5",0.0628807367253352,0.0924518904344133,0.110070815915224,0.104966208990502,0.101939037547169
"rep1_fold6",0.0926605433393517,0.0972274571296465,0.127145095768544,0.122908138211928,0.118793300315977
"rep1_fold7",0.0736723766924477,0.0699050078292114,0.101770844439121,0.0940340511957646,0.0943723479245066
"rep1_fold8",0.0728157306918706,0.0919286144227529,0.117389197033616,0.110179747504224,0.109012350313033
"rep1_fold9",0.0727864703898047,0.0753106763586691,0.100523515557871,0.0951474444523937,0.0953170344785478
"rep1_fold10",0.0503415786634286,0.0705280504064694,0.0768245128316175,0.075527586148575,0.0752913864357443
"rep2_fold1",0.0751635161904233,0.0976051183771684,0.10603897125849,0.102514955888825,0.0947410482992072
"rep2_fold2",0.0757835351991739,0.0722123980409078,0.107698419473671,0.104938169335319,0.105856848866051
"rep2_fold3",0.0475864050629587,0.0698535986321796,0.0856928956352913,0.0765990894640644,0.0755459512237851
"rep2_fold4",0.0553156079377204,0.0686219422628316,0.0832239706111156,0.0769874798384025,0.0795265806296293
"rep2_fold5",0.0617747685518252,0.072723444711367,0.0874274073749325,0.0831023992476437,0.0814655303975593
"rep2_fold6",0.0569950238722234,0.0689061293208364,0.0851516436732469,0.0859750434905159,0.0835980414393333
"rep2_fold7",0.0836118974280792,0.091960822149023,0.115745243367915,0.112698219870076,0.113389355071576
"rep2_fold8",0.0996920734118774,0.104811463286713,0.132155213196074,0.128366548990417,0.126156310423856
"rep2_fold9",0.0629913085115539,0.069991659320928,0.0926587329115597,0.077625404582909,0.079492535980083
"rep2_fold10",0.0727540537959106,0.0824168331667742,0.0986227720851619,0.0951845383336207,0.0960763095604016
"rep3_fold1",0.0751635161904233,0.0976051183771684,0.10603897125849,0.102514955888825,0.0947410482992072
"rep3_fold2",0.0757835351991739,0.0722123980409078,0.107698419473671,0.104938169335319,0.105856848866051
"rep3_fold3",0.0475864050629587,0.0698535986321796,0.0856928956352913,0.0765990894640644,0.0755459512237851
"rep3_fold4",0.0553156079377204,0.0686219422628316,0.0832239706111156,0.0769874798384025,0.0795265806296293
"rep3_fold5",0.0617747685518252,0.072723444711367,0.0874274073749325,0.0831023992476437,0.0814655303975593
"rep3_fold6",0.0569950238722234,0.0689061293208364,0.0851516436732469,0.0859750434905159,0.0835980414393333
"rep3_fold7",0.0836118974280792,0.091960822149023,0.115745243367915,0.112698219870076,0.113389355071576
"rep3_fold8",0.0996920734118774,0.104811463286713,0.132155213196074,0.128366548990417,0.126156310423856
"rep3_fold9",0.0629913085115539,0.0697733662181113,0.0905791987370095,0.0758509688446414,0.0774680534150393
"rep3_fold10",0.0727540537959106,0.0824168331667742,0.0986227720851619,0.0951845383336207,0.0960763095604016
"rep4_fold1",0.0751635161904233,0.0976051183771684,0.10603897125849,0.102514955888825,0.0947410482992072
"rep4_fold2",0.0757835351991739,0.0722123980409078,0.107698419473671,0.104938169335319,0.105856848866051
"rep4_fold3",0.0475864050629587,0.0698535986321796,0.0856928956352913,0.0765990894640644,0.0755459512237851
"rep4_fold4",0.0553156079377204,0.0686219422628316,0.0832239706111156,0.0769874798384025,0.0795265806296293
"rep4_fold5",0.0617747685518252,0.072723444711367,0.0874274073749325,0.0831023992476437,0.0814655303975593
"rep4_fold6",0.0569950238722234,0.0689061293208364,0.0851516436732469,0.0859750434905159,0.0835980414393333
"rep4_fold7",0.0836118974280792,0.091960822149023,0.115745243367915,0.112698219870076,0.113389355071576
"rep4_fold8",0.0996920734118774,0.104811463286713,0.132155213196074,0.128366548990417,0.126156310423856
"rep4_fold9",0.0629913085115539,0.0697733662181113,0.0905791987370095,0.0758509688446414,0.0774680534150393
"rep4_fold10",0.0727540537959106,0.0824168331667742,0.0986227720851619,0.0951845383336207,0.0960763095604016
"rep5_fold1",0.0751635161904233,0.0976051183771684,0.10603897125849,0.102514955888825,0.0947410482992072
"rep5_fold2",0.0757835351991739,0.0722123980409078,0.107698419473671,0.104938169335319,0.105856848866051
"rep5_fold3",0.0475864050629587,0.0698535986321796,0.0856928956352913,0.0765990894640644,0.0755459512237851
"rep5_fold4",0.0553156079377204,0.0686219422628316,0.0832239706111156,0.0769874798384025,0.0795265806296293
"rep5_fold5",0.0617747685518252,0.072723444711367,0.0874274073749325,0.0831023992476437,0.0814655303975593
"rep5_fold6",0.0569950238722234,0.0689061293208364,0.0851516436732469,0.0859750434905159,0.0835980414393333
"rep5_fold7",0.0836118974280792,0.091960822149023,0.115745243367915,0.112698219870076,0.113389355071576
"rep5_fold8",0.0996920734118774,0.104811463286713,0.132155213196074,0.128366548990417,0.126156310423856
"rep5_fold9",0.0629913085115539,0.0697733662181113,0.0905791987370095,0.0758509688446414,0.0774680534150393
"rep5_fold10",0.0727540537959106,0.0824168331667742,0.0986227720851619,0.0951845383336207,0.0960763095604016
"rep6_fold1",0.0751635161904233,0.0976051183771684,0.10603897125849,0.102514955888825,0.0947410482992072
"rep6_fold2",0.0757835351991739,0.0722123980409078,0.107698419473671,0.104938169335319,0.105856848866051
"rep6_fold3",0.0475864050629587,0.0698535986321796,0.0856928956352913,0.0765990894640644,0.0755459512237851
"rep6_fold4",0.0553156079377204,0.0686219422628316,0.0832239706111156,0.0769874798384025,0.0795265806296293
"rep6_fold5",0.0617747685518252,0.072723444711367,0.0874274073749325,0.0831023992476437,0.0814655303975593
"rep6_fold6",0.0569950238722234,0.0689061293208364,0.0851516436732469,0.0859750434905159,0.0835980414393333
"rep6_fold7",0.0836118974280792,0.091960822149023,0.115745243367915,0.112698219870076,0.113389355071576
"rep6_fold8",0.0996920734118774,0.104811463286713,0.132155213196074,0.128366548990417,0.126156310423856
"rep6_fold9",0.0629913085115539,0.0697733662181113,0.0905791987370095,0.0758509688446414,0.0774680534150393
"rep6_fold10",0.0727540537959106,0.0824168331667742,0.0986227720851619,0.0951845383336207,0.0960763095604016
"rep7_fold1",0.0751635161904233,0.0976051183771684,0.10603897125849,0.102514955888825,0.0947410482992072
"rep7_fold2",0.0757835351991739,0.0722123980409078,0.107698419473671,0.104938169335319,0.105856848866051
"rep7_fold3",0.0475864050629587,0.0698535986321796,0.0856928956352913,0.0765990894640644,0.0755459512237851
"rep7_fold4",0.0553156079377204,0.0686219422628316,0.0832239706111156,0.0769874798384025,0.0795265806296293
"rep7_fold5",0.0617747685518252,0.072723444711367,0.0874274073749325,0.0831023992476437,0.0814655303975593
"rep7_fold6",0.0569950238722234,0.0689061293208364,0.0851516436732469,0.0859750434905159,0.0835980414393333
"rep7_fold7",0.0836118974280792,0.091960822149023,0.115745243367915,0.112698219870076,0.113389355071576
"rep7_fold8",0.0996920734118774,0.104811463286713,0.132155213196074,0.128366548990417,0.126156310423856
"rep7_fold9",0.0629913085115539,0.0697733662181113,0.0905791987370095,0.0758509688446414,0.0774680534150393
"rep7_fold10",0.0727540537959106,0.0824168331667742,0.0986227720851619,0.0951845383336207,0.0960763095604016
"rep8_fold1",0.0751635161904233,0.0976051183771684,0.10603897125849,0.102514955888825,0.0947410482992072
"rep8_fold2",0.0757835351991739,0.0722123980409078,0.107698419473671,0.104938169335319,0.105856848866051
"rep8_fold3",0.0475864050629587,0.0698535986321796,0.0856928956352913,0.0765990894640644,0.0755459512237851
"rep8_fold4",0.0553156079377204,0.0686219422628316,0.0832239706111156,0.0769874798384025,0.0795265806296293
"rep8_fold5",0.0617747685518252,0.072723444711367,0.0874274073749325,0.0831023992476437,0.0814655303975593
"rep8_fold6",0.0569950238722234,0.0689061293208364,0.0851516436732469,0.0859750434905159,0.0835980414393333
"rep8_fold7",0.0836118974280792,0.091960822149023,0.115745243367915,0.112698219870076,0.113389355071576
"rep8_fold8",0.0996920734118774,0.104811463286713,0.132155213196074,0.128366548990417,0.126156310423856
"rep8_fold9",0.0629913085115539,0.0697733662181113,0.0905791987370095,0.0758509688446414,0.0774680534150393
"rep8_fold10",0.0727540537959106,0.0824168331667742,0.0986227720851619,0.0951845383336207,0.0960763095604016
"rep9_fold1",0.0751635161904233,0.0976051183771684,0.10603897125849,0.102514955888825,0.0947410482992072
"rep9_fold2",0.0757835351991739,0.0722123980409078,0.107698419473671,0.104938169335319,0.105856848866051
"rep9_fold3",0.0475864050629587,0.0698535986321796,0.0856928956352913,0.0765990894640644,0.0755459512237851
"rep9_fold4",0.0553156079377204,0.0686219422628316,0.0832239706111156,0.0769874798384025,0.0795265806296293
"rep9_fold5",0.0617747685518252,0.072723444711367,0.0874274073749325,0.0831023992476437,0.0814655303975593
"rep9_fold6",0.0569950238722234,0.0689061293208364,0.0851516436732469,0.0859750434905159,0.0835980414393333
"rep9_fold7",0.0836118974280792,0.091960822149023,0.115745243367915,0.112698219870076,0.113389355071576
"rep9_fold8",0.0996920734118774,0.104811463286713,0.132155213196074,0.128366548990417,0.126156310423856
"rep9_fold9",0.0629913085115539,0.0697733662181113,0.0905791987370095,0.0758509688446414,0.0774680534150393
"rep9_fold10",0.0727540537959106,0.0824168331667742,0.0986227720851619,0.0951845383336207,0.0960763095604016
"rep10_fold1",0.0751635161904233,0.0976051183771684,0.10603897125849,0.102514955888825,0.0947410482992072
"rep10_fold2",0.0757835351991739,0.0722123980409078,0.107698419473671,0.104938169335319,0.105856848866051
"rep10_fold3",0.0475864050629587,0.0698535986321796,0.0856928956352913,0.0765990894640644,0.0755459512237851
"rep10_fold4",0.0553156079377204,0.0686219422628316,0.0832239706111156,0.0769874798384025,0.0795265806296293
"rep10_fold5",0.0617747685518252,0.072723444711367,0.0874274073749325,0.0831023992476437,0.0814655303975593
"rep10_fold6",0.0569950238722234,0.0689061293208364,0.0851516436732469,0.0859750434905159,0.0835980414393333
"rep10_fold7",0.0836118974280792,0.091960822149023,0.115745243367915,0.112698219870076,0.113389355071576
"rep10_fold8",0.0996920734118774,0.104811463286713,0.132155213196074,0.128366548990417,0.126156310423856
"rep10_fold9",0.0629913085115539,0.069991659320928,0.0926587329115597,0.077625404582909,0.079492535980083
"rep10_fold10",0.0727540537959106,0.0824168331667742,0.0986227720851619,0.0951845383336207,0.0960763095604016
