"","GLMM_tree","Bart","BaBart_N*1","BaBart_N*5","BaBart_N*10"
"rep1_fold1",0.0653752170658352,0.0956795175235176,0.11884852896545,0.108714310735796,0.11025280692103
"rep1_fold2",0.0508975546838318,0.0885773460409272,0.0994009149820883,0.0925664095181363,0.0954043425260062
"rep1_fold3",0.047381453285276,0.0924887240427946,0.103148727505909,0.0961843717631935,0.088663961424527
"rep1_fold4",0.0553807606037095,0.0864325876184037,0.104678974790986,0.0911609608763204,0.0916658838452171
"rep1_fold5",0.0404019253220413,0.0690374253200797,0.0847259079839001,0.0731765818309444,0.0706785700684049
"rep1_fold6",0.0507193185398352,0.0886268576669299,0.0978106231623351,0.0931584240027191,0.0927982992457442
"rep1_fold7",0.055482446627343,0.0790555217809041,0.0866874933953974,0.0808096525320089,0.0831602423757895
"rep1_fold8",0.0542760585746202,0.0925031788856144,0.108092490322527,0.0986881995214317,0.0921410511056583
"rep1_fold9",0.0601514169392679,0.100720608151159,0.106194082576035,0.103006750448812,0.100864965628042
"rep1_fold10",0.0475526739606972,0.0727269702721239,0.0789312678191686,0.0706846480062604,0.0732083028441542
"rep2_fold1",0.0623352702289467,0.0888972949480973,0.100061404030334,0.092446507244293,0.0962270242271459
"rep2_fold2",0.0494937597786312,0.0880523839821599,0.098793321678615,0.0916712015002424,0.0948730814310451
"rep2_fold3",0.0491724868978883,0.0789159653830628,0.089106785038762,0.0826628520111488,0.0832962097078956
"rep2_fold4",0.0555129609767374,0.102919987258936,0.110942683537915,0.104521201567517,0.105910332529729
"rep2_fold5",0.0640529799347956,0.0912732196534826,0.106702016559844,0.0943487126139567,0.0947266090227808
"rep2_fold6",0.0492069641804334,0.0626406266075328,0.083234738423014,0.0687617144980544,0.0702588432576094
"rep2_fold7",0.0601868805997911,0.0936875172322642,0.114608576657757,0.101792145764531,0.10065910962783
"rep2_fold8",0.0631686059942273,0.0909261320921239,0.0931941247421951,0.0990668273982892,0.0986977356608308
"rep2_fold9",0.0414649953632264,0.0716903570206561,0.0869662690811831,0.0739326467276919,0.0736152175642087
"rep2_fold10",0.0498880258219588,0.0911412916118053,0.106099795919037,0.0931893130700758,0.0923572959627444
"rep3_fold1",0.0623352702289467,0.0888972949480973,0.100061404030334,0.092446507244293,0.0962270242271459
"rep3_fold2",0.0494937597786312,0.0880523839821599,0.098793321678615,0.0916712015002424,0.0948730814310451
"rep3_fold3",0.0491724868978883,0.0789159653830628,0.089106785038762,0.0826628520111488,0.0832962097078956
"rep3_fold4",0.0555129609767374,0.102919987258936,0.110942683537915,0.104521201567517,0.105910332529729
"rep3_fold5",0.0640529799347956,0.0912732196534826,0.106702016559844,0.0943487126139567,0.0947266090227808
"rep3_fold6",0.0492069641804334,0.0626406266075328,0.083234738423014,0.0687617144980544,0.0702588432576094
"rep3_fold7",0.0601868805997911,0.0936875172322642,0.114608576657757,0.101792145764531,0.10065910962783
"rep3_fold8",0.0631686059942273,0.0909261320921239,0.0931941247421951,0.0990668273982892,0.0986977356608308
"rep3_fold9",0.0414649953632264,0.0716903570206561,0.0869662690811831,0.0739326467276919,0.0736152175642087
"rep3_fold10",0.0498880258219588,0.0911412916118053,0.106099795919037,0.0931893130700758,0.0923572959627444
"rep4_fold1",0.0623352702289467,0.0888972949480973,0.100061404030334,0.092446507244293,0.0962270242271459
"rep4_fold2",0.0494937597786312,0.0880523839821599,0.098793321678615,0.0916712015002424,0.0948730814310451
"rep4_fold3",0.0491724868978883,0.0789159653830628,0.089106785038762,0.0826628520111488,0.0832962097078956
"rep4_fold4",0.0555129609767374,0.102919987258936,0.110942683537915,0.104521201567517,0.105910332529729
"rep4_fold5",0.0640529799347956,0.0912732196534826,0.106702016559844,0.0943487126139567,0.0947266090227808
"rep4_fold6",0.0492069641804334,0.0626406266075328,0.083234738423014,0.0687617144980544,0.0702588432576094
"rep4_fold7",0.0601868805997911,0.0936875172322642,0.114608576657757,0.101792145764531,0.10065910962783
"rep4_fold8",0.0631686059942273,0.0909261320921239,0.0931941247421951,0.0990668273982892,0.0986977356608308
"rep4_fold9",0.0414649953632264,0.0716903570206561,0.0869662690811831,0.0739326467276919,0.0736152175642087
"rep4_fold10",0.0498880258219588,0.0911412916118053,0.106099795919037,0.0931893130700758,0.0923572959627444
"rep5_fold1",0.0623352702289467,0.0888972949480973,0.100061404030334,0.092446507244293,0.0962270242271459
"rep5_fold2",0.0494937597786312,0.0880523839821599,0.098793321678615,0.0916712015002424,0.0948730814310451
"rep5_fold3",0.0491724868978883,0.0789159653830628,0.089106785038762,0.0826628520111488,0.0832962097078956
"rep5_fold4",0.0555129609767374,0.102919987258936,0.110942683537915,0.104521201567517,0.105910332529729
"rep5_fold5",0.0640529799347956,0.0912732196534826,0.106702016559844,0.0943487126139567,0.0947266090227808
"rep5_fold6",0.0492069641804334,0.0626406266075328,0.083234738423014,0.0687617144980544,0.0702588432576094
"rep5_fold7",0.0601868805997911,0.0936875172322642,0.114608576657757,0.101792145764531,0.10065910962783
"rep5_fold8",0.0631686059942273,0.0909261320921239,0.0931941247421951,0.0990668273982892,0.0986977356608308
"rep5_fold9",0.0414649953632264,0.0716903570206561,0.0869662690811831,0.0739326467276919,0.0736152175642087
"rep5_fold10",0.0498880258219588,0.0911412916118053,0.106099795919037,0.0931893130700758,0.0923572959627444
"rep6_fold1",0.0623352702289467,0.0888972949480973,0.100061404030334,0.092446507244293,0.0962270242271459
"rep6_fold2",0.0494937597786312,0.0880523839821599,0.098793321678615,0.0916712015002424,0.0948730814310451
"rep6_fold3",0.0491724868978883,0.0789159653830628,0.089106785038762,0.0826628520111488,0.0832962097078956
"rep6_fold4",0.0555129609767374,0.102919987258936,0.110942683537915,0.104521201567517,0.105910332529729
"rep6_fold5",0.0640529799347956,0.0912732196534826,0.106702016559844,0.0943487126139567,0.0947266090227808
"rep6_fold6",0.0492069641804334,0.0626406266075328,0.083234738423014,0.0687617144980544,0.0702588432576094
"rep6_fold7",0.0601868805997911,0.0936875172322642,0.114608576657757,0.101792145764531,0.10065910962783
"rep6_fold8",0.0631686059942273,0.0909261320921239,0.0931941247421951,0.0990668273982892,0.0986977356608308
"rep6_fold9",0.0414649953632264,0.0716903570206561,0.0869662690811831,0.0739326467276919,0.0736152175642087
"rep6_fold10",0.0498880258219588,0.0911412916118053,0.106099795919037,0.0931893130700758,0.0923572959627444
"rep7_fold1",0.0623352702289467,0.0888972949480973,0.100061404030334,0.092446507244293,0.0962270242271459
"rep7_fold2",0.0494937597786312,0.0880523839821599,0.098793321678615,0.0916712015002424,0.0948730814310451
"rep7_fold3",0.0491724868978883,0.0789159653830628,0.089106785038762,0.0826628520111488,0.0832962097078956
"rep7_fold4",0.0555129609767374,0.102919987258936,0.110942683537915,0.104521201567517,0.105910332529729
"rep7_fold5",0.0640529799347956,0.0912732196534826,0.106702016559844,0.0943487126139567,0.0947266090227808
"rep7_fold6",0.0492069641804334,0.0626406266075328,0.083234738423014,0.0687617144980544,0.0702588432576094
"rep7_fold7",0.0601868805997911,0.0936875172322642,0.114608576657757,0.101792145764531,0.10065910962783
"rep7_fold8",0.0631686059942273,0.0909261320921239,0.0931941247421951,0.0990668273982892,0.0986977356608308
"rep7_fold9",0.0414649953632264,0.0716903570206561,0.0869662690811831,0.0739326467276919,0.0736152175642087
"rep7_fold10",0.0498880258219588,0.0911412916118053,0.106099795919037,0.0931893130700758,0.0923572959627444
"rep8_fold1",0.0623352702289467,0.0888972949480973,0.100061404030334,0.092446507244293,0.0962270242271459
"rep8_fold2",0.0494937597786312,0.0880523839821599,0.098793321678615,0.0916712015002424,0.0948730814310451
"rep8_fold3",0.0491724868978883,0.0789159653830628,0.089106785038762,0.0826628520111488,0.0832962097078956
"rep8_fold4",0.0555129609767374,0.102919987258936,0.110942683537915,0.104521201567517,0.105910332529729
"rep8_fold5",0.0640529799347956,0.0912732196534826,0.106702016559844,0.0943487126139567,0.0947266090227808
"rep8_fold6",0.0492069641804334,0.0626406266075328,0.083234738423014,0.0687617144980544,0.0702588432576094
"rep8_fold7",0.0601868805997911,0.0936875172322642,0.114608576657757,0.101792145764531,0.10065910962783
"rep8_fold8",0.0631686059942273,0.0909261320921239,0.0931941247421951,0.0990668273982892,0.0986977356608308
"rep8_fold9",0.0414649953632264,0.0716903570206561,0.0869662690811831,0.0739326467276919,0.0736152175642087
"rep8_fold10",0.0498880258219588,0.0911412916118053,0.106099795919037,0.0931893130700758,0.0923572959627444
"rep9_fold1",0.0623352702289467,0.0888972949480973,0.100061404030334,0.092446507244293,0.0962270242271459
"rep9_fold2",0.0494937597786312,0.0880523839821599,0.098793321678615,0.0916712015002424,0.0948730814310451
"rep9_fold3",0.0491724868978883,0.0789159653830628,0.089106785038762,0.0826628520111488,0.0832962097078956
"rep9_fold4",0.0555129609767374,0.102919987258936,0.110942683537915,0.104521201567517,0.105910332529729
"rep9_fold5",0.0640529799347956,0.0912732196534826,0.106702016559844,0.0943487126139567,0.0947266090227808
"rep9_fold6",0.0492069641804334,0.0626406266075328,0.083234738423014,0.0687617144980544,0.0702588432576094
"rep9_fold7",0.0601868805997911,0.0936875172322642,0.114608576657757,0.101792145764531,0.10065910962783
"rep9_fold8",0.0631686059942273,0.0909261320921239,0.0931941247421951,0.0990668273982892,0.0986977356608308
"rep9_fold9",0.0414649953632264,0.0716903570206561,0.0869662690811831,0.0739326467276919,0.0736152175642087
"rep9_fold10",0.0498880258219588,0.0911412916118053,0.106099795919037,0.0931893130700758,0.0923572959627444
"rep10_fold1",0.0623352702289467,0.0888972949480973,0.100061404030334,0.092446507244293,0.0962270242271459
"rep10_fold2",0.0494937597786312,0.0880523839821599,0.098793321678615,0.0916712015002424,0.0948730814310451
"rep10_fold3",0.0491724868978883,0.0789159653830628,0.089106785038762,0.0826628520111488,0.0832962097078956
"rep10_fold4",0.0555129609767374,0.102919987258936,0.110942683537915,0.104521201567517,0.105910332529729
"rep10_fold5",0.0640529799347956,0.0912732196534826,0.106702016559844,0.0943487126139567,0.0947266090227808
"rep10_fold6",0.0492069641804334,0.0626406266075328,0.083234738423014,0.0687617144980544,0.0702588432576094
"rep10_fold7",0.0601868805997911,0.0936875172322642,0.114608576657757,0.101792145764531,0.10065910962783
"rep10_fold8",0.0631686059942273,0.0909261320921239,0.0931941247421951,0.0990668273982892,0.0986977356608308
"rep10_fold9",0.0414649953632264,0.0716903570206561,0.0869662690811831,0.0739326467276919,0.0736152175642087
"rep10_fold10",0.0498880258219588,0.0911412916118053,0.106099795919037,0.0931893130700758,0.0923572959627444
