"","GLMM_tree","Bart","BaBart_N*1","BaBart_N*5","BaBart_N*10"
"rep1_fold1",0.693243265381496,0.711913290931528,0.679804236783938,0.706983774575336,0.714638155522447
"rep1_fold2",0.715417078810752,0.673563827685918,0.660801836637274,0.671617064084486,0.664172690063804
"rep1_fold3",0.778477724079931,0.725653986059079,0.707385081299239,0.726339879405071,0.725653838438802
"rep1_fold4",0.748715637764648,0.76435593548756,0.776121695466548,0.760882069696639,0.762632471408491
"rep1_fold5",0.697498180103828,0.643860507421861,0.63553593116698,0.639006808144031,0.644730680798239
"rep1_fold6",0.669259158162983,0.688614898131854,0.695504289383053,0.698122676286636,0.691704090114757
"rep1_fold7",0.765190499357486,0.760547952431769,0.731856422829165,0.757856747986962,0.757099939289273
"rep1_fold8",0.802466832170997,0.757332205113935,0.765769654410278,0.762422722231292,0.76041833777495
"rep1_fold9",0.748127741873999,0.739607866455298,0.750205903226354,0.736048104759508,0.740023523146125
"rep1_fold10",0.664938044902366,0.630111298184411,0.639035530302375,0.62942835870502,0.632705305400099
"rep2_fold1",0.708563726641127,0.704188190477673,0.675356042396299,0.709011223439927,0.706827502978231
"rep2_fold2",0.71742896621986,0.68811451410466,0.684310475567998,0.688186455550456,0.695515739747759
"rep2_fold3",0.580400249660002,0.56602620463649,0.562053797582388,0.558159211804946,0.568706636958943
"rep2_fold4",0.788921629030957,0.778239280102186,0.798047511587275,0.780325847595686,0.780455252844911
"rep2_fold5",0.698481014731133,0.687442550785801,0.682398924300716,0.683793268607732,0.689607000764658
"rep2_fold6",0.784446930783452,0.741144188633096,0.745384997309126,0.729882804191268,0.738648182412083
"rep2_fold7",0.750742777694415,0.717246989506894,0.721772056863799,0.725083022247896,0.715801255382752
"rep2_fold8",0.899863301316699,0.894721991083806,0.925532459561903,0.892831395905701,0.893174025892893
"rep2_fold9",0.609215569504529,0.599863618313365,0.591091936382601,0.603793368836344,0.598128081383714
"rep2_fold10",0.713109537207078,0.651462719654882,0.676306172460532,0.648736465173999,0.650239176141449
"rep3_fold1",0.708563726641127,0.704188190477673,0.675356042396299,0.709011223439927,0.706827502978231
"rep3_fold2",0.71742896621986,0.68811451410466,0.684310475567998,0.688186455550456,0.695515739747759
"rep3_fold3",0.580400249660002,0.56602620463649,0.562053797582388,0.558159211804946,0.568706636958943
"rep3_fold4",0.788921629030957,0.778239280102186,0.798047511587275,0.780325847595686,0.780455252844911
"rep3_fold5",0.698481014731133,0.687442550785801,0.682398924300716,0.683793268607732,0.689607000764658
"rep3_fold6",0.784446930783452,0.741144188633096,0.745384997309126,0.729882804191268,0.738648182412083
"rep3_fold7",0.750742777694415,0.717246989506894,0.721772056863799,0.725083022247896,0.715801255382752
"rep3_fold8",0.899863301316699,0.894721991083806,0.925532459561903,0.892831395905701,0.893174025892893
"rep3_fold9",0.609215569504529,0.599863618313365,0.591091936382601,0.603793368836344,0.598128081383714
"rep3_fold10",0.713109537207078,0.651462719654882,0.676306172460532,0.648736465173999,0.650239176141449
"rep4_fold1",0.708563726641127,0.704188190477673,0.675356042396299,0.709011223439927,0.706827502978231
"rep4_fold2",0.71742896621986,0.68811451410466,0.684310475567998,0.688186455550456,0.695515739747759
"rep4_fold3",0.580400249660002,0.56602620463649,0.562053797582388,0.558159211804946,0.568706636958943
"rep4_fold4",0.788921629030957,0.778239280102186,0.798047511587275,0.780325847595686,0.780455252844911
"rep4_fold5",0.698481014731133,0.687442550785801,0.682398924300716,0.683793268607732,0.689607000764658
"rep4_fold6",0.784446930783452,0.741144188633096,0.745384997309126,0.729882804191268,0.738648182412083
"rep4_fold7",0.750742777694415,0.717246989506894,0.721772056863799,0.725083022247896,0.715801255382752
"rep4_fold8",0.899863301316699,0.894721991083806,0.925532459561903,0.892831395905701,0.893174025892893
"rep4_fold9",0.609215569504529,0.599863618313365,0.591091936382601,0.603793368836344,0.598128081383714
"rep4_fold10",0.713109537207078,0.651462719654882,0.676306172460532,0.648736465173999,0.650239176141449
"rep5_fold1",0.708563726641127,0.704188190477673,0.675356042396299,0.709011223439927,0.706827502978231
"rep5_fold2",0.71742896621986,0.68811451410466,0.684310475567998,0.688186455550456,0.695515739747759
"rep5_fold3",0.580400249660002,0.56602620463649,0.562053797582388,0.558159211804946,0.568706636958943
"rep5_fold4",0.788921629030957,0.778239280102186,0.798047511587275,0.780325847595686,0.780455252844911
"rep5_fold5",0.698481014731133,0.687442550785801,0.682398924300716,0.683793268607732,0.689607000764658
"rep5_fold6",0.784446930783452,0.741144188633096,0.745384997309126,0.729882804191268,0.738648182412083
"rep5_fold7",0.750742777694415,0.717246989506894,0.721772056863799,0.725083022247896,0.715801255382752
"rep5_fold8",0.899863301316699,0.894721991083806,0.925532459561903,0.892831395905701,0.893174025892893
"rep5_fold9",0.609215569504529,0.599863618313365,0.591091936382601,0.603793368836344,0.598128081383714
"rep5_fold10",0.713109537207078,0.651462719654882,0.676306172460532,0.648736465173999,0.650239176141449
"rep6_fold1",0.708563726641127,0.704188190477673,0.675356042396299,0.709011223439927,0.706827502978231
"rep6_fold2",0.71742896621986,0.68811451410466,0.684310475567998,0.688186455550456,0.695515739747759
"rep6_fold3",0.580400249660002,0.56602620463649,0.562053797582388,0.558159211804946,0.568706636958943
"rep6_fold4",0.788921629030957,0.778239280102186,0.798047511587275,0.780325847595686,0.780455252844911
"rep6_fold5",0.698481014731133,0.687442550785801,0.682398924300716,0.683793268607732,0.689607000764658
"rep6_fold6",0.784446930783452,0.741144188633096,0.745384997309126,0.729882804191268,0.738648182412083
"rep6_fold7",0.750742777694415,0.717246989506894,0.721772056863799,0.725083022247896,0.715801255382752
"rep6_fold8",0.899863301316699,0.894721991083806,0.925532459561903,0.892831395905701,0.893174025892893
"rep6_fold9",0.609215569504529,0.599863618313365,0.591091936382601,0.603793368836344,0.598128081383714
"rep6_fold10",0.713109537207078,0.651462719654882,0.676306172460532,0.648736465173999,0.650239176141449
"rep7_fold1",0.708563726641127,0.704188190477673,0.675356042396299,0.709011223439927,0.706827502978231
"rep7_fold2",0.71742896621986,0.68811451410466,0.684310475567998,0.688186455550456,0.695515739747759
"rep7_fold3",0.580400249660002,0.56602620463649,0.562053797582388,0.558159211804946,0.568706636958943
"rep7_fold4",0.788921629030957,0.778239280102186,0.798047511587275,0.780325847595686,0.780455252844911
"rep7_fold5",0.698481014731133,0.687442550785801,0.682398924300716,0.683793268607732,0.689607000764658
"rep7_fold6",0.784446930783452,0.741144188633096,0.745384997309126,0.729882804191268,0.738648182412083
"rep7_fold7",0.750742777694415,0.717246989506894,0.721772056863799,0.725083022247896,0.715801255382752
"rep7_fold8",0.899863301316699,0.894721991083806,0.925532459561903,0.892831395905701,0.893174025892893
"rep7_fold9",0.609215569504529,0.599863618313365,0.591091936382601,0.603793368836344,0.598128081383714
"rep7_fold10",0.713109537207078,0.651462719654882,0.676306172460532,0.648736465173999,0.650239176141449
"rep8_fold1",0.708563726641127,0.704188190477673,0.675356042396299,0.709011223439927,0.706827502978231
"rep8_fold2",0.71742896621986,0.68811451410466,0.684310475567998,0.688186455550456,0.695515739747759
"rep8_fold3",0.580400249660002,0.56602620463649,0.562053797582388,0.558159211804946,0.568706636958943
"rep8_fold4",0.788921629030957,0.778239280102186,0.798047511587275,0.780325847595686,0.780455252844911
"rep8_fold5",0.698481014731133,0.687442550785801,0.682398924300716,0.683793268607732,0.689607000764658
"rep8_fold6",0.784446930783452,0.741144188633096,0.745384997309126,0.729882804191268,0.738648182412083
"rep8_fold7",0.750742777694415,0.717246989506894,0.721772056863799,0.725083022247896,0.715801255382752
"rep8_fold8",0.899863301316699,0.894721991083806,0.925532459561903,0.892831395905701,0.893174025892893
"rep8_fold9",0.609215569504529,0.599863618313365,0.591091936382601,0.603793368836344,0.598128081383714
"rep8_fold10",0.713109537207078,0.651462719654882,0.676306172460532,0.648736465173999,0.650239176141449
"rep9_fold1",0.708563726641127,0.704188190477673,0.675356042396299,0.709011223439927,0.706827502978231
"rep9_fold2",0.71742896621986,0.68811451410466,0.684310475567998,0.688186455550456,0.695515739747759
"rep9_fold3",0.580400249660002,0.56602620463649,0.562053797582388,0.558159211804946,0.568706636958943
"rep9_fold4",0.788921629030957,0.778239280102186,0.798047511587275,0.780325847595686,0.780455252844911
"rep9_fold5",0.698481014731133,0.687442550785801,0.682398924300716,0.683793268607732,0.689607000764658
"rep9_fold6",0.784446930783452,0.741144188633096,0.745384997309126,0.729882804191268,0.738648182412083
"rep9_fold7",0.750742777694415,0.717246989506894,0.721772056863799,0.725083022247896,0.715801255382752
"rep9_fold8",0.899863301316699,0.894721991083806,0.925532459561903,0.892831395905701,0.893174025892893
"rep9_fold9",0.609215569504529,0.599863618313365,0.591091936382601,0.603793368836344,0.598128081383714
"rep9_fold10",0.713109537207078,0.651462719654882,0.676306172460532,0.648736465173999,0.650239176141449
"rep10_fold1",0.708563726641127,0.704188190477673,0.675356042396299,0.709011223439927,0.706827502978231
"rep10_fold2",0.71742896621986,0.68811451410466,0.684310475567998,0.688186455550456,0.695515739747759
"rep10_fold3",0.580400249660002,0.56602620463649,0.562053797582388,0.558159211804946,0.568706636958943
"rep10_fold4",0.788921629030957,0.778239280102186,0.798047511587275,0.780325847595686,0.780455252844911
"rep10_fold5",0.698481014731133,0.687442550785801,0.682398924300716,0.683793268607732,0.689607000764658
"rep10_fold6",0.784446930783452,0.741144188633096,0.745384997309126,0.729882804191268,0.738648182412083
"rep10_fold7",0.750742777694415,0.717246989506894,0.721772056863799,0.725083022247896,0.715801255382752
"rep10_fold8",0.899863301316699,0.894721991083806,0.925532459561903,0.892831395905701,0.893174025892893
"rep10_fold9",0.609215569504529,0.599863618313365,0.591091936382601,0.603793368836344,0.598128081383714
"rep10_fold10",0.713109537207078,0.651462719654882,0.676306172460532,0.648736465173999,0.650239176141449
