"","GLMM_tree","Bart","BaBart_N*1","BaBart_N*5","BaBart_N*10"
"rep1_fold1",0.168921005258174,0.171989004047466,0.177979771991692,0.173663526914485,0.173029539041138
"rep1_fold2",0.222048135346869,0.210758647360021,0.21817651869237,0.20759809553303,0.210794061447941
"rep1_fold3",0.143729451547662,0.140714389302078,0.136078196189256,0.139454028401533,0.140189041288809
"rep1_fold4",0.180626016318505,0.176861747480851,0.176904424776377,0.178074423736153,0.177715958388166
"rep1_fold5",0.188601535804095,0.198112843232324,0.205640977568305,0.199531856191604,0.196621052186853
"rep1_fold6",0.171814193840694,0.176604656983254,0.171641032966827,0.175674616540651,0.176500161084393
"rep1_fold7",0.207944793915287,0.207959226882528,0.213058182846428,0.207016770866135,0.207485654564779
"rep1_fold8",0.196302298776467,0.192554348681559,0.196093383641717,0.192575065186774,0.194999709965222
"rep1_fold9",0.153068972097984,0.157953413218095,0.162449399743201,0.157122448906884,0.15732939212384
"rep1_fold10",0.203814604865105,0.208610141342232,0.20418687498427,0.209035578351639,0.20776082916974
"rep2_fold1",0.184315348937416,0.181122394339764,0.173851986528881,0.183941949954165,0.178730626492891
"rep2_fold2",0.140088277156833,0.141654214355055,0.141962918483325,0.139942883241232,0.14241837359424
"rep2_fold3",0.204563363833437,0.21630620488959,0.217288501521897,0.216857485361271,0.215769136938016
"rep2_fold4",0.162560056553217,0.159202958607598,0.157514687652291,0.159654855324984,0.159283916167034
"rep2_fold5",0.230619728973161,0.235483265112556,0.242535891971148,0.238957527114547,0.235689133833322
"rep2_fold6",0.156658468245988,0.160859474219778,0.164921643374833,0.159093140140845,0.15952531971413
"rep2_fold7",0.19964854421284,0.201058539855565,0.212978255318358,0.201574653432394,0.200028889054399
"rep2_fold8",0.174819239417179,0.175012317400585,0.182136465847747,0.176878584285019,0.173954197197124
"rep2_fold9",0.199656952157845,0.196453773894449,0.1999090244916,0.1969880372863,0.196164172844824
"rep2_fold10",0.177452356221799,0.159540640784686,0.157091937555202,0.162202231110282,0.158967643554396
"rep3_fold1",0.178229507246431,0.183965666028164,0.18311350003363,0.182335445542225,0.1852992043344
"rep3_fold2",0.163479708008386,0.161341128928008,0.172677482377231,0.161651841790873,0.161385359711831
"rep3_fold3",0.174762458080062,0.174224434544706,0.170961908923306,0.174140618863247,0.174060958449597
"rep3_fold4",0.153567471617449,0.1576597663416,0.158887407079607,0.157334966307484,0.157720112552176
"rep3_fold5",0.1456755451091,0.147367508451194,0.150680306841906,0.147244630575691,0.149064182946457
"rep3_fold6",0.245592751448167,0.238170188559826,0.237639119514382,0.238149037238799,0.239479527158929
"rep3_fold7",0.18827379245839,0.188532037205454,0.195136411188332,0.189756630839471,0.187386274823008
"rep3_fold8",0.176759882091511,0.177867120862518,0.17393786020815,0.17567821394976,0.180747939403108
"rep3_fold9",0.243314865373787,0.240315426424183,0.241442159078635,0.240562936813673,0.237633614748082
"rep3_fold10",0.15792406167505,0.149086564978291,0.151358380948706,0.148891561037063,0.149888810922578
"rep4_fold1",0.168723147144912,0.178646309535459,0.1843410288859,0.176581333309328,0.17724196134283
"rep4_fold2",0.194559077480806,0.191403733961849,0.189029905237407,0.193957778214773,0.192816790673408
"rep4_fold3",0.166311778487826,0.160431125384824,0.159205683247638,0.162710821148388,0.161421846010303
"rep4_fold4",0.191976500417077,0.189565030915776,0.19349700784145,0.191809867595779,0.190153708354882
"rep4_fold5",0.183020567184781,0.174930921359565,0.174795080005666,0.173130185682263,0.175338750197479
"rep4_fold6",0.224946788489896,0.223820557803539,0.226878748170941,0.228388222580731,0.222888089349717
"rep4_fold7",0.164866660435738,0.163617392794195,0.166516853718206,0.163695938676212,0.164198329604226
"rep4_fold8",0.208382213777031,0.203255478209836,0.195469705330373,0.201679593599532,0.203892421612052
"rep4_fold9",0.180648097342371,0.179127840315304,0.17843887888242,0.178508456134025,0.179265922822397
"rep4_fold10",0.157915575238506,0.160532233045415,0.168653697564367,0.159878599203167,0.158550031100608
"rep5_fold1",0.200315350972484,0.207561218357048,0.22015969024238,0.206131733453053,0.206566137908539
"rep5_fold2",0.116840672765856,0.118679953202314,0.119881578608561,0.121392307448666,0.118654045996476
"rep5_fold3",0.239301763795513,0.225002689636835,0.22843896912156,0.227448867275716,0.224147202563284
"rep5_fold4",0.194701640672422,0.188128090593414,0.191215147595351,0.190181468896393,0.190159998365519
"rep5_fold5",0.156150366444544,0.157790127803908,0.157825765208544,0.15863917143842,0.15952708891682
"rep5_fold6",0.189801718093835,0.186612973720968,0.187442791990067,0.189021621006256,0.18576445888234
"rep5_fold7",0.165787779211461,0.159521001872247,0.162662836820729,0.158644354952274,0.157902103742963
"rep5_fold8",0.18878676679845,0.195009092950857,0.192323120606323,0.194990801722094,0.19375182363441
"rep5_fold9",0.185891121326739,0.191543562946818,0.191010788970419,0.191456904397357,0.19197084301992
"rep5_fold10",0.197672254627837,0.201878662814669,0.206179540847515,0.201169230433513,0.202158298423582
"rep6_fold1",0.178229507246431,0.183965666028164,0.18311350003363,0.182335445542225,0.1852992043344
"rep6_fold2",0.163479708008386,0.161341128928008,0.172677482377231,0.161651841790873,0.161385359711831
"rep6_fold3",0.174762458080062,0.174224434544706,0.170961908923306,0.174140618863247,0.174060958449597
"rep6_fold4",0.153567471617449,0.1576597663416,0.158887407079607,0.157334966307484,0.157720112552176
"rep6_fold5",0.1456755451091,0.147367508451194,0.150680306841906,0.147244630575691,0.149064182946457
"rep6_fold6",0.245592751448167,0.238170188559826,0.237639119514382,0.238149037238799,0.239479527158929
"rep6_fold7",0.18827379245839,0.188532037205454,0.195136411188332,0.189756630839471,0.187386274823008
"rep6_fold8",0.176759882091511,0.177867120862518,0.17393786020815,0.17567821394976,0.180747939403108
"rep6_fold9",0.243314865373787,0.240315426424183,0.241442159078635,0.240562936813673,0.237633614748082
"rep6_fold10",0.15792406167505,0.149086564978291,0.151358380948706,0.148891561037063,0.149888810922578
"rep7_fold1",0.168723147144912,0.178646309535459,0.1843410288859,0.176581333309328,0.17724196134283
"rep7_fold2",0.194559077480806,0.191403733961849,0.189029905237407,0.193957778214773,0.192816790673408
"rep7_fold3",0.166311778487826,0.160431125384824,0.159205683247638,0.162710821148388,0.161421846010303
"rep7_fold4",0.191976500417077,0.189565030915776,0.19349700784145,0.191809867595779,0.190153708354882
"rep7_fold5",0.183020567184781,0.174930921359565,0.174795080005666,0.173130185682263,0.175338750197479
"rep7_fold6",0.224946788489896,0.223820557803539,0.226878748170941,0.228388222580731,0.222888089349717
"rep7_fold7",0.164866660435738,0.163617392794195,0.166516853718206,0.163695938676212,0.164198329604226
"rep7_fold8",0.208382213777031,0.203255478209836,0.195469705330373,0.201679593599532,0.203892421612052
"rep7_fold9",0.180648097342371,0.179127840315304,0.17843887888242,0.178508456134025,0.179265922822397
"rep7_fold10",0.157915575238506,0.160532233045415,0.168653697564367,0.159878599203167,0.158550031100608
"rep8_fold1",0.200315350972484,0.207561218357048,0.22015969024238,0.206131733453053,0.206566137908539
"rep8_fold2",0.116840672765856,0.118679953202314,0.119881578608561,0.121392307448666,0.118654045996476
"rep8_fold3",0.239301763795513,0.225002689636835,0.22843896912156,0.227448867275716,0.224147202563284
"rep8_fold4",0.194701640672422,0.188128090593414,0.191215147595351,0.190181468896393,0.190159998365519
"rep8_fold5",0.156150366444544,0.157790127803908,0.157825765208544,0.15863917143842,0.15952708891682
"rep8_fold6",0.189801718093835,0.186612973720968,0.187442791990067,0.189021621006256,0.18576445888234
"rep8_fold7",0.165787779211461,0.159521001872247,0.162662836820729,0.158644354952274,0.157902103742963
"rep8_fold8",0.18878676679845,0.195009092950857,0.192323120606323,0.194990801722094,0.19375182363441
"rep8_fold9",0.185891121326739,0.191543562946818,0.191010788970419,0.191456904397357,0.19197084301992
"rep8_fold10",0.197672254627837,0.201878662814669,0.206179540847515,0.201169230433513,0.202158298423582
"rep9_fold1",0.178229507246431,0.183965666028164,0.18311350003363,0.182335445542225,0.1852992043344
"rep9_fold2",0.163479708008386,0.161341128928008,0.172677482377231,0.161651841790873,0.161385359711831
"rep9_fold3",0.174762458080062,0.174224434544706,0.170961908923306,0.174140618863247,0.174060958449597
"rep9_fold4",0.153567471617449,0.1576597663416,0.158887407079607,0.157334966307484,0.157720112552176
"rep9_fold5",0.1456755451091,0.147367508451194,0.150680306841906,0.147244630575691,0.149064182946457
"rep9_fold6",0.245592751448167,0.238170188559826,0.237639119514382,0.238149037238799,0.239479527158929
"rep9_fold7",0.18827379245839,0.188532037205454,0.195136411188332,0.189756630839471,0.187386274823008
"rep9_fold8",0.176759882091511,0.177867120862518,0.17393786020815,0.17567821394976,0.180747939403108
"rep9_fold9",0.243314865373787,0.240315426424183,0.241442159078635,0.240562936813673,0.237633614748082
"rep9_fold10",0.15792406167505,0.149086564978291,0.151358380948706,0.148891561037063,0.149888810922578
"rep10_fold1",0.168723147144912,0.178646309535459,0.1843410288859,0.176581333309328,0.17724196134283
"rep10_fold2",0.194559077480806,0.191403733961849,0.189029905237407,0.193957778214773,0.192816790673408
"rep10_fold3",0.166311778487826,0.160431125384824,0.159205683247638,0.162710821148388,0.161421846010303
"rep10_fold4",0.191976500417077,0.189565030915776,0.19349700784145,0.191809867595779,0.190153708354882
"rep10_fold5",0.183020567184781,0.174930921359565,0.174795080005666,0.173130185682263,0.175338750197479
"rep10_fold6",0.224946788489896,0.223820557803539,0.226878748170941,0.228388222580731,0.222888089349717
"rep10_fold7",0.164866660435738,0.163617392794195,0.166516853718206,0.163695938676212,0.164198329604226
"rep10_fold8",0.208382213777031,0.203255478209836,0.195469705330373,0.201679593599532,0.203892421612052
"rep10_fold9",0.180648097342371,0.179127840315304,0.17843887888242,0.178508456134025,0.179265922822397
"rep10_fold10",0.157915575238506,0.160532233045415,0.168653697564367,0.159878599203167,0.158550031100608
