"","GLMM_tree","Bart","BaBart_N*1","BaBart_N*5","BaBart_N*10"
"rep1_fold1",0.212508876489174,0.213168601907963,0.213733273892141,0.214346761144991,0.214755798856109
"rep1_fold2",0.17317253881037,0.177467983723605,0.17743812114321,0.176886382248758,0.176320803460445
"rep1_fold3",0.176342395643991,0.172255018014584,0.177122528601991,0.172934022373196,0.172121644126985
"rep1_fold4",0.125790016396721,0.118720649435607,0.121546841522107,0.120844578599159,0.118618552303599
"rep1_fold5",0.165612447851248,0.166379547044479,0.167520898550146,0.167051412056111,0.165930432787186
"rep1_fold6",0.171479363451918,0.18444517019152,0.185714779993914,0.184008491399078,0.185481033816113
"rep1_fold7",0.179054612123768,0.186375951647913,0.186939575317305,0.185183065148146,0.186674312288446
"rep1_fold8",0.174745041495066,0.182504762109561,0.189233660781104,0.18281925782221,0.182665015337275
"rep1_fold9",0.16985095171708,0.182816562212525,0.188753434040938,0.182888796399413,0.182093008179883
"rep1_fold10",0.191736859200981,0.188706703616918,0.196571464453197,0.186982924764403,0.188999028353598
"rep2_fold1",0.201633174761992,0.198975539829077,0.200098366468438,0.196821089111262,0.198027444073173
"rep2_fold2",0.181114028536241,0.187111471599816,0.193067858468739,0.187286877564662,0.188671471199663
"rep2_fold3",0.169529034925559,0.173500801924237,0.176576441650362,0.171280443053101,0.174281792603011
"rep2_fold4",0.161848528201991,0.174275622955706,0.175815010775143,0.17592355108162,0.173001776933305
"rep2_fold5",0.142811423276978,0.151873073449473,0.151680858681335,0.152371410481092,0.151104111435754
"rep2_fold6",0.173324062696358,0.176779573106625,0.179724195636519,0.176508376970879,0.176952459215851
"rep2_fold7",0.156530084553406,0.158858953133711,0.160868188562,0.157922130600468,0.157770215293149
"rep2_fold8",0.166984326497101,0.167128973626991,0.171953976982645,0.16762988932576,0.167416597379394
"rep2_fold9",0.157010088611636,0.160211365351557,0.161593389013035,0.160457779987782,0.16039210464993
"rep2_fold10",0.212923024044873,0.217728614342233,0.216760755550481,0.218792197995017,0.217674863863417
"rep3_fold1",0.201633174761992,0.198975539829077,0.200098366468438,0.196821089111262,0.198027444073173
"rep3_fold2",0.181114028536241,0.187111471599816,0.193067858468739,0.187286877564662,0.188671471199663
"rep3_fold3",0.169529034925559,0.173500801924237,0.176576441650362,0.171280443053101,0.174281792603011
"rep3_fold4",0.161848528201991,0.174275622955706,0.175815010775143,0.17592355108162,0.173001776933305
"rep3_fold5",0.142811423276978,0.151873073449473,0.151680858681335,0.152371410481092,0.151104111435754
"rep3_fold6",0.173324062696358,0.176779573106625,0.179724195636519,0.176508376970879,0.176952459215851
"rep3_fold7",0.156530084553406,0.158858953133711,0.160868188562,0.157922130600468,0.157770215293149
"rep3_fold8",0.166984326497101,0.167128973626991,0.171953976982645,0.16762988932576,0.167416597379394
"rep3_fold9",0.157010088611636,0.160211365351557,0.161593389013035,0.160457779987782,0.16039210464993
"rep3_fold10",0.212923024044873,0.217728614342233,0.216760755550481,0.218792197995017,0.217674863863417
"rep4_fold1",0.201633174761992,0.198975539829077,0.200098366468438,0.196821089111262,0.198027444073173
"rep4_fold2",0.181114028536241,0.187111471599816,0.193067858468739,0.187286877564662,0.188671471199663
"rep4_fold3",0.169529034925559,0.173500801924237,0.176576441650362,0.171280443053101,0.174281792603011
"rep4_fold4",0.161848528201991,0.174275622955706,0.175815010775143,0.17592355108162,0.173001776933305
"rep4_fold5",0.142811423276978,0.151873073449473,0.151680858681335,0.152371410481092,0.151104111435754
"rep4_fold6",0.173324062696358,0.176779573106625,0.179724195636519,0.176508376970879,0.176952459215851
"rep4_fold7",0.156530084553406,0.158858953133711,0.160868188562,0.157922130600468,0.157770215293149
"rep4_fold8",0.166984326497101,0.167128973626991,0.171953976982645,0.16762988932576,0.167416597379394
"rep4_fold9",0.157010088611636,0.160211365351557,0.161593389013035,0.160457779987782,0.16039210464993
"rep4_fold10",0.212923024044873,0.217728614342233,0.216760755550481,0.218792197995017,0.217674863863417
"rep5_fold1",0.201633174761992,0.198975539829077,0.200098366468438,0.196821089111262,0.198027444073173
"rep5_fold2",0.181114028536241,0.187111471599816,0.193067858468739,0.187286877564662,0.188671471199663
"rep5_fold3",0.169529034925559,0.173500801924237,0.176576441650362,0.171280443053101,0.174281792603011
"rep5_fold4",0.161848528201991,0.174275622955706,0.175815010775143,0.17592355108162,0.173001776933305
"rep5_fold5",0.142811423276978,0.151873073449473,0.151680858681335,0.152371410481092,0.151104111435754
"rep5_fold6",0.173324062696358,0.176779573106625,0.179724195636519,0.176508376970879,0.176952459215851
"rep5_fold7",0.156530084553406,0.158858953133711,0.160868188562,0.157922130600468,0.157770215293149
"rep5_fold8",0.166984326497101,0.167128973626991,0.171953976982645,0.16762988932576,0.167416597379394
"rep5_fold9",0.157010088611636,0.160211365351557,0.161593389013035,0.160457779987782,0.16039210464993
"rep5_fold10",0.212923024044873,0.217728614342233,0.216760755550481,0.218792197995017,0.217674863863417
"rep6_fold1",0.201633174761992,0.198975539829077,0.200098366468438,0.196821089111262,0.198027444073173
"rep6_fold2",0.181114028536241,0.187111471599816,0.193067858468739,0.187286877564662,0.188671471199663
"rep6_fold3",0.169529034925559,0.173500801924237,0.176576441650362,0.171280443053101,0.174281792603011
"rep6_fold4",0.161848528201991,0.174275622955706,0.175815010775143,0.17592355108162,0.173001776933305
"rep6_fold5",0.142811423276978,0.151873073449473,0.151680858681335,0.152371410481092,0.151104111435754
"rep6_fold6",0.173324062696358,0.176779573106625,0.179724195636519,0.176508376970879,0.176952459215851
"rep6_fold7",0.156530084553406,0.158858953133711,0.160868188562,0.157922130600468,0.157770215293149
"rep6_fold8",0.166984326497101,0.167128973626991,0.171953976982645,0.16762988932576,0.167416597379394
"rep6_fold9",0.157010088611636,0.160211365351557,0.161593389013035,0.160457779987782,0.16039210464993
"rep6_fold10",0.212923024044873,0.217728614342233,0.216760755550481,0.218792197995017,0.217674863863417
"rep7_fold1",0.201633174761992,0.198975539829077,0.200098366468438,0.196821089111262,0.198027444073173
"rep7_fold2",0.181114028536241,0.187111471599816,0.193067858468739,0.187286877564662,0.188671471199663
"rep7_fold3",0.169529034925559,0.173500801924237,0.176576441650362,0.171280443053101,0.174281792603011
"rep7_fold4",0.161848528201991,0.174275622955706,0.175815010775143,0.17592355108162,0.173001776933305
"rep7_fold5",0.142811423276978,0.151873073449473,0.151680858681335,0.152371410481092,0.151104111435754
"rep7_fold6",0.173324062696358,0.176779573106625,0.179724195636519,0.176508376970879,0.176952459215851
"rep7_fold7",0.156530084553406,0.158858953133711,0.160868188562,0.157922130600468,0.157770215293149
"rep7_fold8",0.166984326497101,0.167128973626991,0.171953976982645,0.16762988932576,0.167416597379394
"rep7_fold9",0.157010088611636,0.160211365351557,0.161593389013035,0.160457779987782,0.16039210464993
"rep7_fold10",0.212923024044873,0.217728614342233,0.216760755550481,0.218792197995017,0.217674863863417
"rep8_fold1",0.201633174761992,0.198975539829077,0.200098366468438,0.196821089111262,0.198027444073173
"rep8_fold2",0.181114028536241,0.187111471599816,0.193067858468739,0.187286877564662,0.188671471199663
"rep8_fold3",0.169529034925559,0.173500801924237,0.176576441650362,0.171280443053101,0.174281792603011
"rep8_fold4",0.161848528201991,0.174275622955706,0.175815010775143,0.17592355108162,0.173001776933305
"rep8_fold5",0.142811423276978,0.151873073449473,0.151680858681335,0.152371410481092,0.151104111435754
"rep8_fold6",0.173324062696358,0.176779573106625,0.179724195636519,0.176508376970879,0.176952459215851
"rep8_fold7",0.156530084553406,0.158858953133711,0.160868188562,0.157922130600468,0.157770215293149
"rep8_fold8",0.166984326497101,0.167128973626991,0.171953976982645,0.16762988932576,0.167416597379394
"rep8_fold9",0.157010088611636,0.160211365351557,0.161593389013035,0.160457779987782,0.16039210464993
"rep8_fold10",0.212923024044873,0.217728614342233,0.216760755550481,0.218792197995017,0.217674863863417
"rep9_fold1",0.201633174761992,0.198975539829077,0.200098366468438,0.196821089111262,0.198027444073173
"rep9_fold2",0.181114028536241,0.187111471599816,0.193067858468739,0.187286877564662,0.188671471199663
"rep9_fold3",0.169529034925559,0.173500801924237,0.176576441650362,0.171280443053101,0.174281792603011
"rep9_fold4",0.161848528201991,0.174275622955706,0.175815010775143,0.17592355108162,0.173001776933305
"rep9_fold5",0.142811423276978,0.151873073449473,0.151680858681335,0.152371410481092,0.151104111435754
"rep9_fold6",0.173324062696358,0.176779573106625,0.179724195636519,0.176508376970879,0.176952459215851
"rep9_fold7",0.156530084553406,0.158858953133711,0.160868188562,0.157922130600468,0.157770215293149
"rep9_fold8",0.166984326497101,0.167128973626991,0.171953976982645,0.16762988932576,0.167416597379394
"rep9_fold9",0.157010088611636,0.160211365351557,0.161593389013035,0.160457779987782,0.16039210464993
"rep9_fold10",0.212923024044873,0.217728614342233,0.216760755550481,0.218792197995017,0.217674863863417
"rep10_fold1",0.201633174761992,0.198975539829077,0.200098366468438,0.196821089111262,0.198027444073173
"rep10_fold2",0.181114028536241,0.187111471599816,0.193067858468739,0.187286877564662,0.188671471199663
"rep10_fold3",0.169529034925559,0.173500801924237,0.176576441650362,0.171280443053101,0.174281792603011
"rep10_fold4",0.161848528201991,0.174275622955706,0.175815010775143,0.17592355108162,0.173001776933305
"rep10_fold5",0.142811423276978,0.151873073449473,0.151680858681335,0.152371410481092,0.151104111435754
"rep10_fold6",0.173324062696358,0.176779573106625,0.179724195636519,0.176508376970879,0.176952459215851
"rep10_fold7",0.156530084553406,0.158858953133711,0.160868188562,0.157922130600468,0.157770215293149
"rep10_fold8",0.166984326497101,0.167128973626991,0.171953976982645,0.16762988932576,0.167416597379394
"rep10_fold9",0.157010088611636,0.160211365351557,0.161593389013035,0.160457779987782,0.16039210464993
"rep10_fold10",0.212923024044873,0.217728614342233,0.216760755550481,0.218792197995017,0.217674863863417
