"","GLMM_tree","Bart","BaBart_N*1","BaBart_N*5","BaBart_N*10"
"rep1_fold1",0.567471909312243,0.556460395843407,0.562801517374044,0.560283866960862,0.553024378975125
"rep1_fold2",0.515904845811943,0.541221423415581,0.544127231189078,0.542370875746665,0.539348154161032
"rep1_fold3",0.707878617990099,0.760418999371108,0.757231427304927,0.757522861008576,0.757459366299513
"rep1_fold4",0.604258045576767,0.628140139169815,0.620726392150837,0.62479849007725,0.6198383456415
"rep1_fold5",0.658352618701363,0.658469875337359,0.638394768163891,0.652504755683888,0.655144346243421
"rep1_fold6",0.674692649324408,0.650147950823994,0.657762255047421,0.649453459309678,0.646908031247481
"rep1_fold7",0.703535953617394,0.686673359218687,0.685802860078553,0.681552610789046,0.692641472234848
"rep1_fold8",0.644587021931163,0.652226051161974,0.637739415927135,0.64039927543138,0.651502896126459
"rep1_fold9",0.757006339553482,0.7430309729275,0.734710608641483,0.740411540779901,0.74398664055775
"rep1_fold10",0.588668041322817,0.578141256528945,0.577349565679481,0.57703926051386,0.575564818622903
"rep2_fold1",0.735294900357473,0.696785197641414,0.701625053931826,0.695692212337022,0.69017875489786
"rep2_fold2",0.616698497288766,0.617797253096026,0.634656695774453,0.613843038911687,0.611366857126984
"rep2_fold3",0.518602932149282,0.533031471587907,0.532254690090903,0.532764778790894,0.536067494717444
"rep2_fold4",0.621068645711504,0.622073955049951,0.613187356819192,0.621022323664569,0.619396947376887
"rep2_fold5",0.566956760914452,0.569223283098125,0.575725770840125,0.570247004744976,0.58003165593925
"rep2_fold6",0.620183540976241,0.625108851574871,0.613166671353006,0.630531719423315,0.617232334712023
"rep2_fold7",0.64687381783976,0.673501347581355,0.674454953151924,0.66275003287916,0.669859368910462
"rep2_fold8",0.813729465077125,0.830295794699267,0.824751302617631,0.826952629435063,0.832769749124216
"rep2_fold9",0.556314844580701,0.572260969594023,0.561674134821261,0.567085407917721,0.570571346723378
"rep2_fold10",0.702385772679783,0.654984549036226,0.648025314917537,0.657974934421023,0.661294141200405
"rep3_fold1",0.735294900357473,0.696785197641414,0.701625053931826,0.695692212337022,0.69017875489786
"rep3_fold2",0.616698497288766,0.617797253096026,0.634656695774453,0.613843038911687,0.611366857126984
"rep3_fold3",0.518602932149282,0.533031471587907,0.532254690090903,0.532764778790894,0.536067494717444
"rep3_fold4",0.621068645711504,0.622073955049951,0.613187356819192,0.621022323664569,0.619396947376887
"rep3_fold5",0.566956760914452,0.569223283098125,0.575725770840125,0.570247004744976,0.58003165593925
"rep3_fold6",0.620183540976241,0.625108851574871,0.613166671353006,0.630531719423315,0.617232334712023
"rep3_fold7",0.64687381783976,0.673501347581355,0.674454953151924,0.66275003287916,0.669859368910462
"rep3_fold8",0.813729465077125,0.830295794699267,0.824751302617631,0.826952629435063,0.832769749124216
"rep3_fold9",0.556314844580701,0.572260969594023,0.561674134821261,0.567085407917721,0.570571346723378
"rep3_fold10",0.702385772679783,0.654984549036226,0.648025314917537,0.657974934421023,0.661294141200405
"rep4_fold1",0.735294900357473,0.696785197641414,0.701625053931826,0.695692212337022,0.69017875489786
"rep4_fold2",0.616698497288766,0.617797253096026,0.634656695774453,0.613843038911687,0.611366857126984
"rep4_fold3",0.518602932149282,0.533031471587907,0.532254690090903,0.532764778790894,0.536067494717444
"rep4_fold4",0.621068645711504,0.622073955049951,0.613187356819192,0.621022323664569,0.619396947376887
"rep4_fold5",0.566956760914452,0.569223283098125,0.575725770840125,0.570247004744976,0.58003165593925
"rep4_fold6",0.620183540976241,0.625108851574871,0.613166671353006,0.630531719423315,0.617232334712023
"rep4_fold7",0.64687381783976,0.673501347581355,0.674454953151924,0.66275003287916,0.669859368910462
"rep4_fold8",0.813729465077125,0.830295794699267,0.824751302617631,0.826952629435063,0.832769749124216
"rep4_fold9",0.556314844580701,0.572260969594023,0.561674134821261,0.567085407917721,0.570571346723378
"rep4_fold10",0.702385772679783,0.654984549036226,0.648025314917537,0.657974934421023,0.661294141200405
"rep5_fold1",0.735294900357473,0.696785197641414,0.701625053931826,0.695692212337022,0.69017875489786
"rep5_fold2",0.616698497288766,0.617797253096026,0.634656695774453,0.613843038911687,0.611366857126984
"rep5_fold3",0.518602932149282,0.533031471587907,0.532254690090903,0.532764778790894,0.536067494717444
"rep5_fold4",0.621068645711504,0.622073955049951,0.613187356819192,0.621022323664569,0.619396947376887
"rep5_fold5",0.566956760914452,0.569223283098125,0.575725770840125,0.570247004744976,0.58003165593925
"rep5_fold6",0.620183540976241,0.625108851574871,0.613166671353006,0.630531719423315,0.617232334712023
"rep5_fold7",0.64687381783976,0.673501347581355,0.674454953151924,0.66275003287916,0.669859368910462
"rep5_fold8",0.813729465077125,0.830295794699267,0.824751302617631,0.826952629435063,0.832769749124216
"rep5_fold9",0.556314844580701,0.572260969594023,0.561674134821261,0.567085407917721,0.570571346723378
"rep5_fold10",0.702385772679783,0.654984549036226,0.648025314917537,0.657974934421023,0.661294141200405
"rep6_fold1",0.735294900357473,0.696785197641414,0.701625053931826,0.695692212337022,0.69017875489786
"rep6_fold2",0.616698497288766,0.617797253096026,0.634656695774453,0.613843038911687,0.611366857126984
"rep6_fold3",0.518602932149282,0.533031471587907,0.532254690090903,0.532764778790894,0.536067494717444
"rep6_fold4",0.621068645711504,0.622073955049951,0.613187356819192,0.621022323664569,0.619396947376887
"rep6_fold5",0.566956760914452,0.569223283098125,0.575725770840125,0.570247004744976,0.58003165593925
"rep6_fold6",0.620183540976241,0.625108851574871,0.613166671353006,0.630531719423315,0.617232334712023
"rep6_fold7",0.64687381783976,0.673501347581355,0.674454953151924,0.66275003287916,0.669859368910462
"rep6_fold8",0.813729465077125,0.830295794699267,0.824751302617631,0.826952629435063,0.832769749124216
"rep6_fold9",0.556314844580701,0.572260969594023,0.561674134821261,0.567085407917721,0.570571346723378
"rep6_fold10",0.702385772679783,0.654984549036226,0.648025314917537,0.657974934421023,0.661294141200405
"rep7_fold1",0.735294900357473,0.696785197641414,0.701625053931826,0.695692212337022,0.69017875489786
"rep7_fold2",0.616698497288766,0.617797253096026,0.634656695774453,0.613843038911687,0.611366857126984
"rep7_fold3",0.518602932149282,0.533031471587907,0.532254690090903,0.532764778790894,0.536067494717444
"rep7_fold4",0.621068645711504,0.622073955049951,0.613187356819192,0.621022323664569,0.619396947376887
"rep7_fold5",0.566956760914452,0.569223283098125,0.575725770840125,0.570247004744976,0.58003165593925
"rep7_fold6",0.620183540976241,0.625108851574871,0.613166671353006,0.630531719423315,0.617232334712023
"rep7_fold7",0.64687381783976,0.673501347581355,0.674454953151924,0.66275003287916,0.669859368910462
"rep7_fold8",0.813729465077125,0.830295794699267,0.824751302617631,0.826952629435063,0.832769749124216
"rep7_fold9",0.556314844580701,0.572260969594023,0.561674134821261,0.567085407917721,0.570571346723378
"rep7_fold10",0.702385772679783,0.654984549036226,0.648025314917537,0.657974934421023,0.661294141200405
"rep8_fold1",0.735294900357473,0.696785197641414,0.701625053931826,0.695692212337022,0.69017875489786
"rep8_fold2",0.616698497288766,0.617797253096026,0.634656695774453,0.613843038911687,0.611366857126984
"rep8_fold3",0.518602932149282,0.533031471587907,0.532254690090903,0.532764778790894,0.536067494717444
"rep8_fold4",0.621068645711504,0.622073955049951,0.613187356819192,0.621022323664569,0.619396947376887
"rep8_fold5",0.566956760914452,0.569223283098125,0.575725770840125,0.570247004744976,0.58003165593925
"rep8_fold6",0.620183540976241,0.625108851574871,0.613166671353006,0.630531719423315,0.617232334712023
"rep8_fold7",0.64687381783976,0.673501347581355,0.674454953151924,0.66275003287916,0.669859368910462
"rep8_fold8",0.813729465077125,0.830295794699267,0.824751302617631,0.826952629435063,0.832769749124216
"rep8_fold9",0.556314844580701,0.572260969594023,0.561674134821261,0.567085407917721,0.570571346723378
"rep8_fold10",0.702385772679783,0.654984549036226,0.648025314917537,0.657974934421023,0.661294141200405
"rep9_fold1",0.735294900357473,0.696785197641414,0.701625053931826,0.695692212337022,0.69017875489786
"rep9_fold2",0.616698497288766,0.617797253096026,0.634656695774453,0.613843038911687,0.611366857126984
"rep9_fold3",0.518602932149282,0.533031471587907,0.532254690090903,0.532764778790894,0.536067494717444
"rep9_fold4",0.621068645711504,0.622073955049951,0.613187356819192,0.621022323664569,0.619396947376887
"rep9_fold5",0.566956760914452,0.569223283098125,0.575725770840125,0.570247004744976,0.58003165593925
"rep9_fold6",0.620183540976241,0.625108851574871,0.613166671353006,0.630531719423315,0.617232334712023
"rep9_fold7",0.64687381783976,0.673501347581355,0.674454953151924,0.66275003287916,0.669859368910462
"rep9_fold8",0.813729465077125,0.830295794699267,0.824751302617631,0.826952629435063,0.832769749124216
"rep9_fold9",0.556314844580701,0.572260969594023,0.561674134821261,0.567085407917721,0.570571346723378
"rep9_fold10",0.702385772679783,0.654984549036226,0.648025314917537,0.657974934421023,0.661294141200405
"rep10_fold1",0.735294900357473,0.696785197641414,0.701625053931826,0.695692212337022,0.69017875489786
"rep10_fold2",0.616698497288766,0.617797253096026,0.634656695774453,0.613843038911687,0.611366857126984
"rep10_fold3",0.518602932149282,0.533031471587907,0.532254690090903,0.532764778790894,0.536067494717444
"rep10_fold4",0.621068645711504,0.622073955049951,0.613187356819192,0.621022323664569,0.619396947376887
"rep10_fold5",0.566956760914452,0.569223283098125,0.575725770840125,0.570247004744976,0.58003165593925
"rep10_fold6",0.620183540976241,0.625108851574871,0.613166671353006,0.630531719423315,0.617232334712023
"rep10_fold7",0.64687381783976,0.673501347581355,0.674454953151924,0.66275003287916,0.669859368910462
"rep10_fold8",0.813729465077125,0.830295794699267,0.824751302617631,0.826952629435063,0.832769749124216
"rep10_fold9",0.556314844580701,0.572260969594023,0.561674134821261,0.567085407917721,0.570571346723378
"rep10_fold10",0.702385772679783,0.654984549036226,0.648025314917537,0.657974934421023,0.661294141200405
